80289497
80289644
80289645
80308943
80308952
80308955
80387482
80422147
80595435
80714424
80714435
80800812
80898815
80909979
80909981
80909986
80940667
80940678
80956955
81078883
81187506
81210961
81210992
81211054
81268478
81268479
81268480
81268483
81268485
81268486
81406700
81406702
81406705
81468826
81480473
81493232
81493237
81505143
81549524
81577168
81721372
81721373
81792565
81821222
81961186
81961192
81975970
81990252
81990254
82014021
82030036
82034597
82034603
82034606
82034607
82034615
82034615
82038155
82038155
82038160
82038160
82038160
82038164
82038165
82038167
82038172
82048631
82048631
82183563
82270902
82282318
82302029
82311060
82387320
82433740
82574361
82592943
82592945
82592947
82623847
82856861
82856864
82856870
82856873
82856880
82856882
82856885
82869239
82869240
82869241
82869243
82869244
82911619
82911654
82931021
82931023
82931025
82982846
83135706
83135708
83135709
83135711
83159574
83168154
83175783
83216323
83239981
83244439
83357760
83357764
83459933
83510402
83511015
83611877
83611878
83611879
83611880
83611881
83640389
83640393
83640394
83641708
83666160
83668909
83668913
83668913
83687153
83764369
83764372
83893484
83893514
83893523
83893535
83954564
84091875
84177388
84177389
84177391
84177393
84177394
84177395
84194427
84194436
84219257
84245960
84255506
84255507
84265654
84435365
84489891
84531143
84536918
84536921
