88960927
88960928
88960931
88960932
88960933
88960934
88960936
88960937
88960938
88960939
88960940
88960941
88960942
88960943
88960945
88960946
88960947
88960948
88960949
88960950
88960951
88960952
88960953
88960954
88960955
88960956
88981676
88981680
88981700
88981703
88981706
88981707
89004022
89004027
89004031
89004034
89004089
89004095
89004105
89004112
89004118
89004123
89004127
89004133
89004139
89004146
89004154
89004158
89004166
89004170
89023969
89023972
89023975
89023979
89075241
89075242
89075243
89075244
89093844
89093845
89093848
89093849
89093850
89093851
89093860
89093861
89093862
89093863
89093864
89093865
89093866
89093867
89093868
89093869
89093870
89093871
89093872
89093873
89093874
89093875
89093878
89093879
89093880
89093881
89093882
89093883
89093884
89093885
89093886
89093887
89093888
89093889
89093890
89093891
89093892
89093893
89093894
89093895
89093898
89093899
89093900
89093901
89093902
89093903
89093904
89093905
89093906
89093907
89093908
89093909
89093910
89093911
89093912
89093913
89093914
89093915
89093916
89093917
89093918
89093919
89093920
89093921
89093922
89093923
89093924
89093925
89093926
89093927
89093928
89093929
89093930
89093931
89093932
89093933
89093936
89093937
89093938
89093939
89093940
89093941
89093942
89093943
89110411
89110412
89110413
89110414
89110417
89110418
89110419
89110420
89110426
89110427
89110431
89110433
89110442
89110443
89110444
89110445
89110446
89110447
89110450
89110451
89110452
89110453
89125923
89125924
89140982
89140983
89159197
89159198
89389468
89389469
89389484
89389485
89389486
89389487
89389490
89389491
89389492
89389493
89389494
89389495
89389496
89389497
89389498
89389499
89389500
89389501
89389503
89389504
89389505
89389506
89389507
89389508
89389509
89389510
89389513
89389514
89389515
89389516
89389517
89389518
89389519
89389520
89389521
89389522
89389524
89389525
89389526
89389527
89389528
89389529
89389530
89389531
89389534
89389535
89389536
89389537
89389538
89389539
89389540
89389541
89389542
89389543
89389544
89389545
89389547
89389548
89389549
89389550
89389551
89389552
89389555
89389556
89389557
89389558
89389559
89389560
89389561
89389562
89389563
89389564
89389565
89389566
89389567
89389568
89389570
89389571
89389574
89389575
89389576
89389577
89389578
89389579
89389580
89389581
89389584
89389585
89389586
89389587
89389588
89389589
89389591
89389592
89389593
89389594
89389595
89389596
89389598
89389599
89389601
89389602
90016057
90016058
90016059
90016060
90016062
90016064
90016065
90016066
90016067
90016068
90016071
90016072
90016075
90016076
90016077
90016078
90016081
90016082
90016084
90016085
90016089
90016090
90016091
90016092
90016093
90016094
90016097
90016098
90016099
90016100
90016101
90016102
90016103
90016104
90016106
90016107
90016111
90016112
90016115
90016116
90016117
90016118
90099377
90099378
90118698
90118700
90137757
90137760
90137811
90137812
90248114
90248115
90248136
90248137
90248139
90248140
90248141
90248142
90261390
90261392
90261395
90261398
90261442
90261443
90261450
90261452
90261501
90261504
90261506
90261509
90261552
90261555
90261558
90261561
90261632
90261635
90261695
90261697
90261710
90261711
90261712
90261713
90261714
90261715
90277706
90277708
90445099
90445101
90445110
90445111
90445112
90445113
90445114
90445115
90445116
90445117
90445118
90445119
90445120
90445121
90445130
90445132
90445134
90445136
90445187
90445189
90445191
90445193
90445309
90445310
90445311
90445312
90445313
90445314
90445315
90445316
90445317
90445318
90445321
90445322
90445323
90445324
90445325
90445326
90445327
90445328
90445330
90445331
90445332
90445333
90445334
90445335
90445338
90445339
90445340
90445341
90445342
90445343
90445344
90445345
90445346
90445347
90445348
90445349
90445350
90445351
90445353
90445354
90445355
90445356
90445357
90445358
90445359
90445360
90445361
90445362
90445363
90445364
90445365
90445366
90445369
90445370
90445371
90445372
90445373
90445374
90445375
90445376
90445381
90445382
90445383
90445384
90445385
90445386
90445387
90445388
90445389
90445390
90445391
90445392
90445393
90445394
90445395
90445396
90445397
90445398
90445399
90445400
90445401
90445402
90445403
90445404
90445405
90445406
90445408
90445409
90445410
90445411
90445412
90445413
90487479
90487482
90523405
90523411
90523417
90523423
90523483
90523486
90523491
90523496
90523515
90523520
90523584
90523586
90523588
90523591
90523637
90523640
90523642
90523643
90523683
90523685
90523686
90523688
90523699
90523701
90523741
90523742
90523746
90523747
90523758
90523759
90523761
90523764
90523807
90523808
90523810
90523811
90523833
90523834
90523835
90523836
90523837
90523838
90523839
90523840
90523842
90523843
90523844
90523845
90523846
90523847
90523848
90523849
90523850
90523851
90523852
90523853
90523854
90523855
90523856
90523857
90523858
90523859
90523860
90523861
90523863
90523864
90523865
90523866
90523867
90523868
90523869
90523870
90523871
90523872
90523873
90523874
90523875
90523876
90523877
90523878
90523879
90523880
90523882
90523883
90523884
90523885
90523886
90523887
90523888
90523889
90523890
90523891
90523892
90523893
90523894
90523895
90523896
90523897
90523898
90523899
90523901
90523902
90523903
90523904
90523905
90523906
90523907
90523908
90523909
90523910
90523922
90523923
90523924
90523925
90523926
90523927
90523928
90523929
90523931
90523932
90523933
90523934
90523935
90523936
90523937
90523938
90523939
90523940
90523941
90523942
90523943
90523944
90523945
90523946
90523947
90523948
90523952
90523953
90523954
90523955
90523956
90523957
90523958
90523959
90523960
90523961
90523963
90523964
90535355
90535357
90545413
90545415
90545417
90545419
90545434
90545435
90545436
90545437
90559375
90559376
90559387
90559389
90559498
90559501
90559504
90559506
90570862
90570863
90570864
90570865
90570866
90570867
90582540
90582541
90582542
90582543
90582544
90582545
90582546
90582547
90582548
90582549
90582550
90582551
90582552
90582553
90582554
90582555
90582556
90582557
90582558
90582559
90582560
90582561
90582562
90582563
90590716
90590718
90590739
90590740
90590741
90590742
90590798
90590799
90590800
90590801
90590802
90590803
90601253
90601255
90601259
90601263
90601322
90601323
90611944
90611948
90792812
90792814
90792816
90792819
90792877
90792879
90792894
90792895
90792896
90792897
90792898
90792899
90792902
90792903
90792905
90792907
90792941
90792943
90792945
90792946
90792948
90792949
90792950
90792951
90792952
90792953
90792954
90792955
90792960
90792961
90792962
90792963
90792964
90792965
90792974
90792975
90792976
90792977
90792978
90792979
90792980
90792981
90792990
90792991
90792992
90792993
90792994
90792995
90792996
90792997
90793004
90793005
90793006
90793007
90793009
90793010
90793011
90793012
90793013
90793014
90793024
90793025
90793026
90793027
90793028
90793029
90793030
90793031
90793040
90793041
90793044
90793045
90793046
90793047
90793049
90793051
90793054
90793056
90793076
90793077
90793099
90793100
90793102
90793104
90793107
90793108
90793112
90793113
90793114
90793115
90793124
90793125
90793126
90793127
90793134
90793137
90793140
90793141
90793146
90793147
90793154
90793155
90793156
90793157
90793158
90793159
90793162
90793163
90793166
90793167
90793170
90793171
90793172
90793173
90793184
90793186
90793189
90793191
90793196
90793197
90793198
90793199
90793210
90793211
90793212
90793213
90793216
90793217
90793218
90793219
90793226
90793227
90793231
90793233
90793234
90793235
90793244
90793245
90793246
90793247
90793250
90793251
90793252
90793253
90793264
90793265
90793266
90793267
90793276
90793277
90793278
90793279
90793290
90793291
90793300
90793301
90793302
90793303
90793306
90793307
90793319
90793321
90793322
90793323
90793328
90793329
90793333
90793335
90793336
90793337
90793342
90793343
90793346
90793347
90793351
90793352
90793365
90793366
90793367
90793368
90793371
90793372
90793373
90793374
90875602
90875604
90875682
90875683
90875687
90875688
90875689
90875690
90875692
90875693
90895743
90895746
90895767
90895769
90895794
90895796
90912327
90912328
90912413
90912414
90912415
90912416
90912417
90912418
90912423
90912424
90912425
90912426
90912427
90912428
90912429
90912430
90912431
90912432
90912433
90912434
90912435
90912436
90912437
90912438
90912439
90912440
90912443
90912444
90912445
90912446
90912447
90912448
90912451
90912452
90912453
90912454
90912455
90912456
90912459
90912460
90912461
90912462
90912463
90912464
90912465
90912466
90912469
90912470
90912471
90912472
90912474
90912475
90912481
90912482
90912483
90912485
90912487
90912488
90912489
90912490
90912494
90912495
90912499
90912500
90912501
90912502
90912507
90912508
90912511
90912512
90912514
90912516
90912518
90912520
90912521
90912522
90912529
90912530
90912531
90912532
90912533
90912534
90912535
90912536
90912537
90912538
90912541
90912542
90912543
90912544
90912545
90912546
90912551
90912552
90912553
90912554
90912557
90912558
90912559
90912560
90912565
90912566
90912567
90912568
90912569
90912570
90912571
90912572
90912573
90912574
90912575
90912576
90912578
90912580
90912583
90912584
90912585
90912586
90912589
90912590
90912591
90912592
90912593
90912594
90912595
90912596
90912597
90912598
90912599
90912600
90912601
90912602
90912603
90912604
90912607
90912608
90912609
90912610
90912613
90912614
90912615
90912616
90912620
90912621
90912622
90912623
90912624
90912625
90912626
90912627
90912628
90912629
90912630
90912631
90912632
90912633
90912634
90912635
90912636
90912637
90912638
90912640
90912642
90912643
90912644
90912645
90912646
90912647
90912648
90912649
90912650
90912651
90912652
90912653
90912654
90912655
90912656
90912657
90912658
90912659
90912660
90912661
90912666
90912667
90912668
90912669
90912670
90912671
90912672
90912673
90912674
90912675
90912678
90912679
90912682
90912683
90912684
90912685
90912686
90912687
90912688
90912689
90912692
90912693
90912694
90912695
90912696
90912697
90912699
90912701
90912704
90912705
90924174
90924175
90938456
90938457
90938501
90938502
90953859
90953861
90954117
90954119
90975158
90975160
90975173
90975174
90975180
90975181
91004694
91004700
91004710
91004718
91011790
91011791
91011826
91011828
91022935
91022936
91022956
91022957
91023136
91023137
91023139
91023140
91023141
91023142
91023143
91023144
91023145
91023146
91023147
91023148
91023149
91023150
91023153
91023154
91023156
91023157
91023160
91023161
91023162
91023163
91023166
91023167
91023169
91023170
91023171
91023172
91023173
91023174
91221655
91221656
91221657
91221658
91221659
91221660
91221661
91221662
91221685
91221686
91221689
91221692
91221822
91221827
91221830
91221833
91221888
91221891
91221894
91221896
91222125
91222127
91222131
91222132
91222160
91222162
91222164
91222165
91222194
91222196
91222221
91222223
91222226
91222228
91222231
91222233
91222261
91222263
91222275
91222277
91222279
91222280
91222283
91222285
91222299
91222301
91222306
91222308
91222323
91222325
91222341
91222342
91222343
91222344
91222345
91222346
91256844
91256845
91280130
91280131
91280136
91280137
91295518
91295521
91295536
91295538
91295541
91295543
91295544
91295545
91295546
91295547
91295556
91295557
91295559
91295561
91295581
91295583
91295606
91295607
91295624
91295625
91295626
91295627
91295628
91295629
91295630
91295632
91295634
91295635
91336293
91336295
91353699
91353701
91353721
91353723
91353744
91353745
91371889
91371890
91371891
91371892
91371893
91371894
91389324
91389331
91410759
91410761
91410882
91410883
91429359
91429362
91429482
91429483
91443551
91443553
91443683
91443684
91465946
91465947
91466011
91466013
91482651
91482652
91482653
91482654
91482880
91482881
91482882
91482883
91482884
91482885
91482886
91482887
91482888
91482889
91482890
91482891
91482892
91482893
91482894
91482895
91482896
91482897
91482898
91482899
91482900
91482901
91482902
91482903
91482905
91482907
91482908
91482909
91482910
91482911
91482912
91482913
91482914
91482915
91482916
91482917
91482918
91482919
91482920
91482921
91482922
91482923
91482924
91482925
91670983
91670984
91670985
91670986
91670988
91670989
91670991
91670992
91670995
91670996
91671017
91671018
91671021
91671022
91671026
91671027
91671030
91671032
91671035
91671036
91671039
91671040
91671041
91671042
91671045
91671046
91671049
91671050
91671051
91671052
91671056
91671057
91671061
91671062
91671065
91671066
91671069
91671070
91671072
91671073
91671077
91671078
91671081
91671082
91671084
91671085
91671088
91671090
91671093
91671094
91683093
91683094
91683095
91683096
91683098
91683099
91683100
91683101
91683103
91683104
91683107
91683108
91683111
91683112
91699609
91699611
91699643
91699645
91699678
91699680
91699709
91699711
91699743
91699745
91699747
91699749
91699764
91699765
91714569
91714571
91760258
91760261
91760264
91760269
91760294
91760296
91760299
91760302
91760315
91760317
91760319
91760322
91760325
91760327
91760348
91760350
91760352
91760354
91760374
91760376
91760379
91760382
91760399
91760401
91760404
91760405
91760406
91760407
91760408
91760409
91760410
91760411
91760412
91760413
91760414
91760415
91760416
91760417
91760418
91760419
91760420
91760421
91760422
91760423
91760424
91760425
91760426
91760427
91760428
91760429
91760430
91760431
91760432
91760433
91760434
91760435
91760436
91760437
91760438
91760439
91760440
91760441
91760442
91760443
91760444
91760445
91760446
91760447
91760448
91760449
91760450
91760451
91760452
91760453
91760454
91760455
91760456
91760457
91770683
91770684
91770686
91770687
91770688
91770689
91770692
91770693
91770694
91770695
91770698
91770699
91770700
91770701
91770704
91770705
91770706
91770707
91782663
91782665
91782689
91782690
91782691
91782692
91797467
91797468
91797561
91797562
91797602
91797604
91797642
91797644
91813918
91813919
91813921
91813922
91813923
91813924
91813925
91813926
91813927
91813928
91813929
91813930
91813931
91813932
91826433
91826434
91836575
91836576
91836577
91836578
91836579
91836580
91836581
91836582
91851328
91851329
91851330
91851331
91864854
91864855
91864860
91864861
91864862
91864863
91864866
91864867
91864868
91864869
91864870
91864871
91864872
91864873
91864876
91864877
91864878
91864879
91864880
91864881
91864882
91864883
91864884
91864885
91864886
91864887
91864888
91864889
91864894
91864895
91864896
91864897
91864898
91864899
91864900
91864901
91864906
91864907
91864908
91864909
91864910
91864911
91864914
91864915
91864916
91864917
91864920
91864921
91864922
91864923
91864924
91864925
91864926
91864927
91864928
91864929
91864930
91864931
91864932
91864933
91864934
91864935
91864939
91864941
91864944
91864945
91864946
91864947
91864948
91864949
91864952
91864953
91864954
91864955
91864958
91864959
91864966
91864967
92014083
92014084
92014101
92014102
92014103
92014104
92014105
92014106
92014109
92014110
92014111
92014112
92014117
92014118
92014119
92014120
92014123
92014124
92014125
92014126
92014129
92014130
92014133
92014134
92014135
92014136
92014141
92014142
92014143
92014144
92014145
92014146
92014147
92014148
92014151
92014152
92014155
92014156
92014157
92014158
92014159
92014160
92014161
92014162
92014163
92014164
92014169
92014170
92014171
92014172
92014173
92014174
92014175
92014176
92014181
92014182
92014187
92014188
92014202
92014203
92014204
92014205
92014243
92014245
92014249
92014250
92014251
92014252
92014259
92014260
92014267
92014268
92014271
92014272
92014275
92014276
92014278
92014280
92014283
92014284
92454176
92454179
92454254
92454256
92454261
92454264
92454273
92454274
92454277
92454278
92454279
92454280
92454283
92454284
92454285
92454286
92454289
92454290
92454293
92454294
92454295
92454298
92454309
92454310
92454311
92454312
92454313
92454314
92454317
92454318
92454323
92454324
92454325
92454326
92454327
92454328
92454343
92454344
92454349
92454350
92454352
92454353
92454360
92454361
92454381
92454382
92474000
92474003
92474005
92474007
92492210
92492211
92492214
92492216
92557675
92557676
92557677
92557678
92614050
92614051
92614054
92614055
92614056
92614057
92614058
92614059
92658574
92658575
92658582
92658583
92658584
92658585
92658586
92658587
92658588
92658589
92658590
92658591
92658592
92658593
92677934
92677935
92695265
92695266
92695267
92695268
92708367
92708368
92708385
92708386
92708387
92708388
92708389
92708390
92708395
92708396
92708397
92708398
92708399
92708400
92708403
92708404
92708405
92708406
92708407
92708408
92708409
92708411
92708415
92708416
92708417
92708418
92881033
92881034
92881037
92881038
92881039
92881040
92881041
92881042
92881043
92881044
92881045
92881046
92881047
92881048
92881049
92881050
92881051
92881052
92881053
92881054
92881055
92881056
92881057
92881058
92881059
92881060
92881062
92881063
92881071
92881072
92881073
92881074
92881075
92881076
92881077
92881078
92881079
92881080
92881083
92881084
92881085
92881086
92881087
92881088
92881089
92881090
92881092
92881093
92881094
92881095
92881096
92881097
92881100
92881101
92881102
92881103
92881105
92881106
92881107
92881108
92881109
92881110
92881111
92881112
92881113
92881114
92881115
92881116
92881118
92881119
92881120
92881121
92881122
92881123
92881124
92881125
92881126
92881127
92881128
92881129
92881130
92881131
92881132
92881133
92881134
92881135
92881137
92881138
92881139
92881140
92881143
92881144
92881145
92881146
92881147
92881148
92881151
92881152
92881153
92881154
92881155
92881156
92881157
92881158
92881159
92881160
92881161
92881162
92881163
92881164
92881165
92881166
92881167
92881168
92881169
92881170
92881173
92881174
92881176
92881177
92881178
92881179
92881180
92881181
92881182
92881183
92881186
92881187
92881188
92881189
92881191
92881192
92881193
92881194
92881198
92881199
92881200
92881202
92900340
92900341
92900344
92900346
92900374
92900375
92900382
92900383
92900384
92900385
92900386
92900387
92900388
92900389
92914255
92914256
92914257
92914258
92914261
92914262
92914263
92914264
92994587
92994588
92994589
92994590
92994591
92994592
93008375
93008376
93008377
93008378
93008379
93008380
93008382
93008383
93008384
93008385
93008386
93008387
93027726
93027727
93027730
93027731
93027732
93027733
93027734
93027735
93027736
93027737
93027738
93027739
93027740
93027741
93027744
93027745
93027746
93027747
93027748
93027749
93027754
93027755
93027756
93027757
93027760
93027761
93027764
93027765
93027770
93027771
93027772
93027773
93027780
93027782
93027784
93027785
93027786
93027787
93027788
93027789
93027790
93027791
93027795
93027796
93027805
93027806
93027809
93027810
93027811
93027812
93027813
93027814
93027815
93027816
93027817
93027818
93027819
93027820
93027823
93027824
93027827
93027828
93027829
93027830
93027831
93027832
93027833
93027834
93027835
93027836
93027837
93027838
93027839
93027840
93027841
93027842
93027843
93027844
93027847
93027848
93027849
93027850
93027851
93027852
93027853
93027854
93027855
93027856
93027857
93027858
93027861
93027862
93027863
93027864
93027867
93027868
93027869
93027870
93027871
93027872
93027875
93027876
93027877
93027878
93027883
93027884
93047975
93047976
93326707
93326708
93326709
93326710
93326711
93326713
93326715
93326716
93326718
93326719
93326720
93326721
93326726
93326728
93326729
93326730
93326731
93326732
93326736
93326737
93326738
93326739
93326740
93326741
93326744
93326745
93326746
93326747
93326749
93326750
93326752
93326754
93326778
93326780
93326782
93326783
93326794
93326795
93326798
93326799
93326806
93326807
93326808
93326809
93326810
93326811
93326812
93326813
93326814
93326815
93326817
93326818
93326819
93326820
93326823
93326824
93326826
93326827
93326829
93326830
93326832
93326834
93326835
93326836
93326840
93326841
93326842
93326843
93326844
93326845
93326846
93326847
93326848
93326849
93326850
93326851
93326852
93326854
93326855
93326856
93326858
93326859
93326861
93326862
93326863
93326865
93326866
93326868
93326871
93326872
93326874
93326875
93326876
93326877
93326878
93326879
93326880
93326881
93326882
93326883
93326884
93326885
93326886
93326887
93326888
93326889
93326890
93326891
93326892
93326893
93326894
93326895
93326900
93326901
93326902
93326903
93326905
93326906
93326909
93326910
93326911
93326912
93326916
93326917
93326918
93326919
93326925
93326926
93326928
93326929
93326930
93326931
93326932
93326933
93326934
93326935
93326937
93326938
93326941
93326943
93326944
93326946
93326949
93326950
93326962
93326963
93326964
93326965
93326970
93326974
93326979
93326980
93326982
93326983
93326997
93326998
93326999
93327000
93327001
93327002
93327003
93327004
93327010
93327011
93327012
93327013
93327014
93327015
93327021
93327022
93327023
93327024
93327029
93327030
93327031
93327032
93327033
93327034
93327035
93327036
93327037
93327038
93327039
93327040
93327042
93327044
93327046
93327047
93327050
93327051
93327052
93327053
93327056
93327057
93327058
93327059
93327061
93327062
93327063
93327064
93327074
93327075
93327078
93327079
93327082
93327083
93327086
93327087
93327088
93327089
93327091
93327092
93327093
93327094
93327096
93327097
93327099
93327100
93327103
93327104
93327105
93327106
93327107
93327108
93327109
93327110
93327111
93327112
93327113
93327114
93327115
93327116
93327117
93327118
93327119
93327120
93327121
93327122
93327126
93327127
93327128
93327129
93327134
93327135
93327137
93327138
93327139
93327140
93327141
93327142
93327144
93327145
93327146
93327147
93327150
93327151
93327154
93327156
93327157
93327158
93327162
93327164
93327166
93327167
93327169
93327170
93327171
93327172
93327173
93327174
93327177
93327178
93327180
93327182
93327194
93327196
93327211
93327212
93327213
93327214
93338197
93338198
93354825
93354826
93354828
93354829
93354834
93354835
93354836
93354837
93354843
93354844
93354846
93354847
93368830
93368831
93368836
93368837
93368839
93368840
93378795
93378796
93395646
93395647
93395651
93395652
93395653
93395654
93395655
93395656
93395657
93395658
93395659
93395660
93395661
93395662
93395672
93395673
93411978
93411979
93411980
93411981
93411982
93411983
93665391
93665392
93665394
93665396
93665400
93665404
93665471
93665472
93665474
93665476
93665480
93665481
93665487
93665492
93665498
93665501
93665505
93665509
93665513
93665516
93665521
93665522
93665527
93665530
93665555
93665556
93665576
93665579
93665598
93665602
93665604
93665606
93665609
93665613
93665619
93665621
93665623
93665624
93665634
93665635
93665641
93665643
93665693
93665695
93665699
93665705
93665708
93665711
93665738
93665739
93665758
93665759
93665786
93665789
93665791
93665793
93665808
93665809
93665810
93665811
93665815
93665816
93665827
93665828
93665829
93665830
93665835
93665836
93665841
93665842
93665844
93665845
93665846
93665847
93665852
93665853
93665854
93665855
93665860
93665861
93665864
93665866
93665868
93665870
93665872
93665873
93665874
93665875
93665877
93665878
93665879
93665880
93665882
93665884
93665885
93665886
93665889
93665890
93665895
93665896
93665898
93665899
93665902
93665903
93665904
93665907
93665909
93665910
93665911
93665913
93665916
93665917
93665919
93665920
93665923
93665925
93665926
93665927
93665929
93665931
93665933
93665934
93665935
93665936
93665937
93665938
93665939
93665940
93665942
93665945
93665946
93665947
93665954
93665955
93665971
93665974
93665979
93665982
93665987
93665988
93665989
93665990
93665992
93665994
93666000
93666003
93666010
93666012
93666015
93666016
93666033
93666037
93666047
93666048
93666049
93666050
93666054
93666056
93666057
93666063
93666065
93666068
93666074
93666076
93666079
93666081
93666088
93666090
93666095
93666098
93666102
93666103
93666104
93666105
93681888
93681889
93697458
93697459
93726735
93726736
93726737
93726738
93736904
93736905
93736906
93736907
93736908
93736909
93736910
93736911
93751891
93751892
93769355
93769356
93789833
93789834
93802039
93802040
93802043
93802044
93809568
93809569
93809570
93809571
93819182
93819183
93829469
93829470
93829471
93829472
93829473
93829474
93829475
93829476
93829477
93829478
93829479
93829480
93829481
93829482
93829485
93829486
93829487
93829488
93996194
93996195
93996199
93996200
93996202
93996203
93996262
93996263
93996264
93996265
93996266
93996267
93996268
93996269
93996273
93996274
93996275
93996276
93996277
93996278
93996280
93996281
93996282
93996283
93996284
93996285
93996286
93996287
93996289
93996290
93996292
93996293
93996294
93996295
94032261
94032265
94032321
94032326
94048782
94048787
94048793
94048797
94087618
94087619
94087627
94087628
94087629
94087630
94104223
94104224
94104225
94104226
94104235
94104236
94104237
94104238
94104253
94104254
94104255
94104256
94104259
94104260
94104264
94104265
94104267
94104268
94104271
94104272
94104273
94104274
94104276
94104277
94104285
94104288
94119320
94119321
94119351
94119353
94119354
94119355
94119356
94119357
94119358
94119359
94119360
94119361
94119362
94119363
94119364
94119365
94119366
94119367
94119370
94119371
94119374
94119375
94119376
94119377
94119378
94119379
94119380
94119381
94119382
94119383
94119384
94119385
94119386
94119387
94119388
94119389
94119390
94119391
94119392
94119393
94119396
94119397
94119398
94119399
94119402
94119403
94119404
94119405
94119406
94119407
94119408
94119409
94119410
94119411
94119438
94119439
94119440
94119441
94119442
94119443
94119444
94119445
94119446
94119447
94119448
94119449
94119450
94119451
94119452
94119453
94119454
94119456
94119457
94119459
94119460
94119461
94119462
94119463
94119464
94119465
94119468
94119469
94119470
94119471
94119473
94119474
94119475
94119476
94119480
94119481
94119483
94119484
94119486
94119487
94119492
94119493
94119498
94119499
94135560
94135562
94135582
94135584
94135587
94135589
94135634
94135635
94170655
94170656
94214970
94214971
94229219
94229220
94229223
94229224
94229225
94229226
94229227
94229228
94229229
94229230
94229231
94229232
94229233
94229234
94229235
94229236
94229237
94229238
94229239
94229240
94229241
94229242
94229245
94229246
94229247
94229248
94229251
94229252
94229253
94229254
94229255
94229256
94229257
94229258
94229259
94229260
94229261
94229262
94229263
94229264
94229265
94229266
94229267
94229268
94229269
94229270
94229273
94229274
94229275
94229276
94229277
94229278
94229279
94229280
94229281
94229282
94229283
94229284
94229285
94229286
94229287
94229288
94229289
94229290
94229291
94229292
94229293
94229294
94229295
94229296
94382531
94382532
94382543
94382544
94382551
94382552
94382553
94382554
94382557
94382558
94382559
94382560
94382563
94382564
94382567
94382568
94382573
94382574
94382581
94382582
94382583
94382584
94382587
94382588
94382589
94382590
94382629
94382630
94382637
94382638
94382651
94382652
94382653
94382654
94382655
94382656
94382657
94382658
94382663
94382664
94382667
94382668
94382671
94382672
94382673
94382674
94382688
94382689
94382692
94382693
94382698
94382699
94382702
94382703
94382704
94382705
94382706
94382707
94382710
94382711
94382712
94382713
94382714
94382715
94382716
94382717
94382722
94382723
94382724
94382725
94382728
94382729
94382730
94382731
94382732
94382733
94382736
94382737
94382738
94382739
94382742
94382743
94382744
94382745
94382748
94382749
94382750
94382751
94382752
94382753
94382754
94382755
94382758
94382759
94382760
94382761
94382764
94382765
94539501
94539502
94539503
94539504
94539505
94539506
94539507
94539508
94539509
94539510
94539511
94539512
94539513
94539514
94539515
94539516
94539517
94539518
94539521
94539522
94539523
94539524
94539525
94539526
94539527
94539528
94539529
94539530
94539531
94539532
94539533
94539534
94539535
94539536
94539537
94539538
94539539
94539540
94539543
94539544
94539545
94539546
94539547
94539548
94539549
94539550
94539551
94539552
94539553
94539554
94539555
94539556
94539557
94539558
94539559
94539560
94539563
94539564
94539565
94539566
94539567
94539568
94539569
94539570
94539571
94539572
94539573
94539574
94539575
94539576
94539577
94539578
94539579
94539580
94539581
94539582
94539585
94539586
94539587
94539588
94539589
94539590
94539591
94539592
94539593
94539594
94539595
94539596
94539597
94539598
94539599
94539600
94539601
94539602
94539605
94539606
94715040
94715041
94715068
94715069
94715070
94715071
94715073
94715074
94730545
94730546
94730547
94730548
94746384
94746385
94746387
94746388
94746391
94746392
94746396
94746397
94746399
94746400
94746407
94746408
94746410
94746411
94746416
94746418
94746453
94746455
94746458
94746459
94746645
94746647
94746669
94746671
94746758
94746759
94746793
94746794
94764804
94764807
94764891
94764894
94765349
94765351
94783412
94783414
94802795
94802796
94802798
94802799
94802801
94802802
94802803
94802804
94802806
94802807
94802808
94802809
94802810
94802811
94835964
94835966
94853970
94853971
94871329
94871330
94871332
94871334
94871339
94871340
94871345
94871346
94871347
94871348
94871353
94871354
94871359
94871360
94871367
94871368
94871369
94871370
94871373
94871374
94871377
94871378
94871381
94871382
94871385
94871386
94871387
94871388
94892139
94892140
94892143
94892144
94916087
94916088
94944304
94944305
94944306
94944307
94944308
94944309
94944310
94944311
94944312
94944313
94944314
94944315
94944316
94944317
94944318
94944319
95112327
95112328
95112329
95112330
95112331
95112332
95112333
95112334
95112335
95112336
95112337
95112338
95112339
95112340
95112341
95112342
95112343
95112344
95112345
95112346
95112347
95112348
95112349
95112350
95112353
95112354
95112355
95112356
95112400
95112401
95112402
95112403
95112404
95112405
95112409
95112410
95112411
95112412
95112413
95112414
95112420
95112422
95112452
95112453
95112455
95112456
95112457
95112458
95112459
95112460
95112461
95112462
95112466
95112467
95112468
95112469
95112471
95112472
95112474
95112475
95112476
95112477
95112478
95112479
95112488
95112489
95112490
95112491
95112492
95112493
95112494
95112495
95112497
95112499
95112508
95112509
95112510
95112511
95112513
95112514
95112516
95112517
95112519
95112520
95112524
95112525
95112526
95112527
95112528
95112529
95112530
95112531
95112533
95112534
95112544
95112545
95112546
95112547
95112550
95112551
95129376
95129378
95129401
95129403
95147177
95147181
95147185
95147189
95147192
95147196
95147212
95147219
95147234
95147239
95147250
95147252
95147287
95147299
95211549
95211550
95211551
95211552
95211555
95211556
95211563
95211564
95211567
95211569
95211576
95211579
95211582
95211583
95211585
95211587
95211890
95211891
95224172
95224173
95224175
95224177
95224183
95224185
95224205
95224206
95235137
95235139
95235198
95235200
95235241
95235243
95235246
95235247
95235314
95235316
95235331
95235332
95253212
95253214
95253287
95253289
95253293
95253296
95253320
95253323
95253360
95253364
95253390
95253392
95253438
95253440
95253443
95253445
95253455
95253458
95253556
95253559
95253561
95253563
95253615
95253618
95253622
95253626
95253634
95253635
95253636
95253638
95253670
95253671
95253674
95253676
95253689
95253690
95253693
95253695
95253724
95253726
95253728
95253730
95253774
95253776
95253792
95253794
95253843
95253845
95253853
95253855
95253912
95253913
95253958
95253960
95253963
95253964
95254005
95254007
95254013
95254015
95254061
95254063
95254110
95254112
95254114
95254116
95254157
95254160
95254199
95254200
95254202
95254204
95254236
95254237
95254239
95254240
95254241
95254242
95254251
95254252
95254253
95254254
95254265
95254267
95254269
95254270
95254271
95254273
95254282
95254283
95254294
95254295
95274429
95274430
95483269
95483273
95483288
95483291
95483306
95483311
95483322
95483328
95483336
95483344
95483357
95483362
95483375
95483382
95483393
95483398
95483407
95483410
95483419
95483424
95483437
95483442
95483453
95483458
95483469
95483475
95483485
95483491
95483504
95483510
95483520
95483527
95483536
95483542
95483552
95483557
95483568
95483575
95483583
95483590
95483596
95483601
95483610
95483615
95483622
95483629
95483637
95483641
95483650
95483654
95483663
95483667
95483676
95483680
95483689
95483695
95483704
95483708
95483718
95483722
95483731
95483736
95483743
95483748
95483755
95483759
95483765
95483769
95483776
95483782
95483788
95483792
95483799
95483804
95483810
95483816
95483821
95483826
95483833
95483837
95483844
95483848
95483853
95483859
95483867
95483872
95483879
95483884
95483890
95483894
95483899
95483903
95483910
95483915
95483924
95483926
95483935
95483941
95483948
95483955
95483962
95483967
95483976
95483982
95483989
95483996
95484007
95484012
95484022
95484028
95484040
95484047
95484058
95484063
95484073
95484078
95484088
95484094
95484106
95484114
95484122
95484128
95484139
95484146
95484154
95484163
95484172
95484179
95484193
95484200
95484209
95484215
95484229
95484235
95484245
95484251
95484260
95484265
95484276
95484280
95484290
95484296
95484308
95484312
95484323
95484325
95484335
95484343
95484351
95484358
95484368
95484374
95484385
95484389
95484398
95484405
95484413
95484419
95484445
95484452
95484459
95484463
95484472
95484477
95484484
95484491
95484501
95484505
95484515
95484519
95484527
95484532
95484541
95484551
95484560
95484564
95484574
95484580
95484586
95484590
95484601
95484604
95484613
95484618
95484626
95484632
95484642
95484647
95484657
95484661
95484671
95484675
95484685
95484691
95484701
95484704
95484713
95484716
95484728
95484732
95484741
95484746
95502784
95502785
95592994
95592997
95593181
95593184
95608672
95608673
95608674
95608675
95608676
95608677
95608679
95608680
95608685
95608686
95622463
95622466
95639068
95639069
95639082
95639084
95639135
95639137
95639169
95639171
95870011
95870013
95870015
95870017
95870027
95870029
95870059
95870062
95870124
95870126
95870225
95870226
95870227
95870229
95870231
95870232
95870233
95870234
95870273
95870275
95870277
95870279
95870291
95870293
95870356
95870358
95870360
95870362
95870365
95870368
95870393
95870394
95870395
95870396
95870399
95870400
95870401
95870402
95870405
95870406
95870417
95870418
95870423
95870424
95870426
95870427
95870428
95870429
95870431
95870432
95870433
95870434
95870439
95870440
95870441
95870442
95870444
95870445
95870447
95870448
95870452
95870453
95870455
95870456
95870457
95870458
95870461
95870462
95870463
95870464
95870466
95870467
95870469
95870470
95870472
95870473
95870481
95870483
95870489
95870490
95870491
95870492
95870522
95870523
95870524
95870525
95870526
95870527
95870531
95870532
95870535
95870536
95870539
95870540
95870543
95870544
95870548
95870549
95870550
95870551
95870552
95870553
95870556
95870557
95870558
95870559
95870562
95870563
95870565
95870566
95870567
95870568
95870569
95870570
95870572
95870573
95908127
95908128
95908221
95908225
95926094
95926096
95926144
95926149
95926199
95926203
95926256
95926258
95943926
95943929
95943959
95943960
95977930
95977934
95978079
95978080
95978081
95978084
95978094
95978096
95991160
95991163
95991318
95991319
95991320
95991321
95991342
95991344
95991346
95991347
96005613
96005614
96005734
96005736
96005778
96005780
96005820
96005821
96005855
96005857
96030066
96030067
96030130
96030133
96030146
96030150
96030315
96030321
96030325
96030328
96030358
96030359
96030373
96030375
96030377
96030379
96030408
96030409
96030410
96030411
96030412
96030413
96030428
96030430
96030468
96030470
96053627
96053629
96069959
96069960
96079583
96079584
96092222
96092232
96092296
96092298
96105367
96105368
96105369
96105370
96105371
96105372
96105373
96105374
96105375
96105376
96105377
96105378
96105379
96105380
96105381
96105382
96105383
96105384
96105385
96105386
96105387
96105388
96105389
96105390
96105391
96105392
96105393
96105394
96105395
96105396
96105397
96105398
96105399
96105400
96105401
96105402
96105403
96105404
96105405
96105406
96105407
96105408
96105409
96105410
96105411
96105412
96105413
96105414
96105415
96105416
96105417
96105418
96105419
96105420
96105421
96105422
96105423
96105424
96105425
96105426
96105427
96105428
96105429
96105430
96105433
96105434
96105435
96105436
96105439
96105440
96105441
96105442
96105446
96105447
96105448
96105449
96105450
96105451
96105452
96105453
96105454
96105455
96105458
96105459
96105460
96105461
96105462
96105464
96105465
96105466
96105468
96105469
96247315
96247317
96247327
96247329
96247435
96247437
96247599
96247600
96247601
96247602
96247603
96247604
96247605
96247606
96247607
96247608
96247609
96247610
96247611
96247612
96247613
96247614
96247615
96247616
96247617
96247618
96247619
96247620
96247621
96247622
96247623
96247624
96247625
96247626
96247627
96247628
96247629
96247630
96247631
96247632
96247633
96247634
96247635
96247636
96247637
96247638
96247639
96247640
96247641
96247642
96247643
96247644
96247645
96247646
96247649
96247650
96247651
96247652
96247655
96247656
96247657
96247658
96247659
96247660
96247674
96247676
96247678
96247680
96247683
96247684
96247687
96247689
96247691
96247693
96247695
96247697
96247699
96247701
96247702
96247703
96247704
96247705
96247706
96247707
96247708
96247709
96263484
96263488
96338932
96338933
96338934
96338935
96338936
96338937
96338938
96338939
96338940
96338941
96338942
96338943
96338944
96338945
96338946
96338947
96338948
96338949
96338951
96338952
96338953
96338954
96338955
96338956
96338957
96338958
96338961
96338962
96338964
96338965
96338966
96338967
96338969
96338970
96338972
96338973
96338975
96338976
96338977
96338979
96338981
96338982
96338983
96338984
96338985
96338986
96338988
96338989
96338990
96338991
96338995
96338996
96338997
96338998
96339001
96339002
96339005
96339006
96339007
96339008
96339009
96339010
96339011
96339012
96339015
96339016
96339017
96339018
96339019
96339020
96339022
96339023
96339025
96339026
96339027
96339028
96339029
96339030
96339031
96339032
96339033
96339034
96339035
96339036
96339037
96339038
96339039
96339040
96339041
96339042
96339045
96339046
96339047
96339048
96339049
96339050
96339051
96339052
96349278
96349279
96349282
96349283
96349284
96349285
96349286
96349287
96349288
96349289
96349292
96349293
96349296
96349297
96349299
96349300
96359363
96359364
96359365
96359366
96359371
96359372
96359373
96359374
96385168
96385169
96415547
96415548
96422930
96422931
96422934
96422935
96422940
96422941
96422942
96422943
96422946
96422947
96422948
96422949
96422952
96422953
96422954
96422955
96422958
96422959
96422960
96422961
96546053
96546054
96546055
96546056
96546057
96546058
96546059
96546060
96546061
96546062
96546063
96546064
96546065
96546066
96546067
96546068
96546069
96546070
96546071
96546072
96546073
96546074
96546075
96546076
96546077
96546078
96546079
96546080
96546081
96546083
96546084
96546085
96546087
96546088
96546090
96546091
96546092
96546093
96546094
96546095
96546096
96546097
96546098
96546099
96546100
96546101
96546102
96546103
96546104
96546105
96546106
96546107
96546108
96546109
96546110
96546111
96546112
96546113
96546114
96546115
96546116
96546117
96546120
96546121
96546122
96546123
96546124
96546125
96546126
96546127
97164512
97164513
97164514
97164515
97164518
97164519
97164520
97164521
97164522
97164523
97164524
97164525
97164526
97164527
97164528
97164529
97164531
97164532
97164533
97164534
97164537
97164538
97164539
97164540
97164541
97164542
97164543
97164544
97164545
97164546
97164547
97164548
97164549
97164550
97164551
97164552
97164553
97164554
97164555
97164556
97164557
97164558
97164559
97164560
97164561
97164562
97164564
97164565
97164566
97164567
97164569
97164570
97164571
97164572
97164573
97164574
97164576
97164577
97164578
97164579
97164580
97164581
97164585
97164586
97164587
97164588
97164589
97164590
97164595
97164596
97164597
97164598
97164599
97164600
97164603
97164604
97164605
97164606
97164609
97164610
97164613
97164614
97164615
97164616
97164617
97164618
97164619
97164620
97164623
97164624
97164650
97164651
97164653
97164654
97164655
97164656
97164657
97164658
97164659
97164660
97164664
97164666
97164669
97164671
97164677
97164678
97164679
97164680
97164681
97164682
97164683
97164684
97164685
97164686
97164688
97164689
97164690
97164691
97164692
97164693
97164694
97164695
97164698
97164699
97164700
97164701
97164702
97164703
97164704
97164705
97164706
97164707
97164709
97164710
97164711
97164712
97164717
97164718
97164719
97164720
97164723
97164724
97164725
97164726
97164729
97164730
97164731
97164732
97164736
97164738
97164739
97164740
97164747
97164748
97164749
97164750
97164751
97164752
97164753
97164754
97164756
97164757
97164758
97164759
97164760
97164761
97164762
97164763
97164764
97164765
97164766
97164767
97164768
97164769
97164770
97164771
97164774
97164775
97164776
97164777
97164778
97164779
97164780
97164781
97164783
97164784
97164785
97164786
97164787
97164788
97164789
97164790
97164791
97164792
97164795
97164796
97164799
97164800
97164803
97164804
97164805
97164806
97164811
97164812
97164813
97164814
97164815
97164817
97164819
97164820
97164822
97164823
97164824
97164825
97164843
97164844
97164846
97164851
97164854
97164856
97183398
97183400
97183402
97183405
97183411
97183414
97183423
97183425
97183427
97183429
97183431
97183432
97183446
97183448
97183449
97183450
97202282
97202283
97202286
97202288
97202298
97202299
97202300
97202301
97202304
97202305
97202306
97202307
97202310
97202311
97202313
97202314
97202315
97202316
97202318
97202319
97209568
97209569
97218731
97218733
97218735
97218736
97218748
97218750
97218762
97218764
97218766
97218768
97218779
97218780
97218789
97218790
97218821
97218822
97218841
97218842
97235101
97235102
97235103
97235104
97235106
97235107
97256222
97256223
97256233
97256235
97256262
97256265
97285030
97285031
97285032
97285033
97297678
97297679
97297681
97297682
97297695
97297696
97297701
97297702
97297707
97297708
97297714
97297715
97297716
97297717
97297722
97297723
97297724
97297725
97297726
97297727
97297728
97297729
97297739
97297740
97297741
97297742
97297743
97297744
97297745
97297746
97297747
97297748
97297751
97297752
97297753
97297754
97297755
97297756
97297757
97297758
97297760
97297761
97297762
97297763
97297764
97297765
97297766
97297767
97297770
97297771
97297772
97297773
97297774
97297775
97297776
97297777
97297778
97297779
97297780
97297781
97297782
97297783
97297784
97297785
97297786
97297787
97297788
97297789
97297790
97297791
97297792
97297793
97297794
97297795
97297796
97297797
97297798
97297799
97297800
97297801
97297802
97297803
97297804
97297805
97297806
97297807
97297808
97297809
97297810
97297811
97297812
97297813
97297814
97297815
97297816
97297817
97297820
97297821
97297822
97297823
97297824
97297825
97297826
97297827
97297831
97297832
97297833
97297834
97297835
97297836
97297839
97297840
97297845
97297846
97297851
97297852
97297858
97297859
97297860
97297861
97297881
97297882
97297909
97297913
97297917
97297922
97297933
97297934
97318272
97318273
97318274
97318275
97318276
97318277
97339532
97339533
97339535
97339536
97339537
97339538
97339543
97339544
97339546
97339547
97358626
97358627
97372556
97372557
97372561
97372562
97372564
97372565
97372569
97372570
97372571
97372572
97406171
97406172
97406173
97406174
97406175
97406176
97406177
97406178
97406179
97406180
97406181
97406182
97406183
97406184
97406187
97406188
97406189
97406190
97406191
97406192
97406193
97406194
97406195
97406196
97406197
97406198
97406199
97406200
97406201
97406202
97406203
97406204
97406205
97406206
97406207
97406208
97406209
97406210
97406213
97406214
97406215
97406216
97406217
97406218
97406219
97406220
97406221
97406222
97406223
97406224
97406225
97406226
97406227
97406228
97406229
97406230
97406231
97406232
97406233
97406234
97406235
97406236
97406237
97406238
97406241
97406242
97406243
97406244
97406245
97406246
97406247
97406248
97406249
97406250
97406251
97406252
97406253
97406254
97582454
97582455
97582456
97582457
97582458
97582459
97582460
97582461
97582462
97582463
97582464
97582465
97582466
97582467
97582468
97582469
97582470
97582471
97582472
97582473
97582474
97582475
97582476
97582477
97582478
97582479
97582480
97582481
97582482
97582483
97582484
97582485
97582486
97582487
97582488
97582489
97582490
97582491
97582492
97582493
97582494
97582495
97582496
97582497
97582498
97582499
97582500
97582501
97582503
97582504
97582505
97582506
97582507
97582508
97582510
97582511
97582512
97582513
97582514
97582515
97582516
97582517
97582518
97582519
97582520
97582521
97582522
97582523
97582524
97582525
97582526
97582527
97582528
97582530
97582532
97582533
97582536
97582538
97582540
97582541
97582542
97582543
97582546
97582547
97582550
97582551
97582552
97582553
97582557
97582558
97582560
97582562
97582564
97582565
97582568
97582569
97582574
97582575
97582585
97582587
97582588
97582589
97582620
97582621
97582622
97582623
97582624
97582625
97582630
97582631
97582632
97582633
97582634
97582635
97582636
97582637
97582638
97582639
97582641
97582642
97582643
97582644
97582645
97582646
97582647
97582648
97582652
97582653
97582657
97582658
97582665
97582666
97582667
97582668
97582671
97582672
97582673
97582674
97582675
97582676
97582677
97582678
97582679
97582680
97582681
97582682
97582683
97582684
97582685
97582686
97582687
97582688
97582689
97582690
97582691
97582692
97582693
97582694
97582695
97582696
97582697
97582698
97582699
97582700
97582701
97582702
97582703
97582704
97582705
97582706
97582707
97582708
97582709
97582710
97582711
97582712
97582713
97582714
97582715
97582716
97641131
97641133
97641141
97641143
97643802
97643803
97643806
97643807
97643808
97643809
97643810
97643811
97643812
97643814
97643816
97643817
97643818
97643819
97643820
97643821
97643822
97643823
97643824
97643826
97655876
97655877
97655881
97655882
97655884
97655885
97655886
97655888
97690955
97690956
97690963
97690965
97691047
97691049
97708806
97708807
97708808
97708809
97708810
97708811
97708813
97708814
97708821
97708822
97726192
97726193
97726194
97726195
97726200
97726201
97746291
97746294
97746321
97746324
97780130
97787635
97787636
97787638
97787639
97787640
97787641
97787655
97787656
97804809
97804810
97804813
97804814
97804815
97804816
97821121
97821122
97821125
97821126
97821127
97821128
97821131
97821132
97821133
97821134
97821135
97821136
97821137
97821138
97821139
97821140
97821141
97821142
97821145
97821146
97821147
97821148
97821149
97821150
97821151
97821152
97821155
97821156
97821159
97821160
97821163
97821164
97821165
97821166
97821174
97821176
97821177
97821178
97821180
97821181
97821186
97821187
97821188
97821189
97821192
97821193
97821194
97821195
97821196
97821197
97821198
97821199
97821200
97821201
97821202
97821203
97821206
97821207
97821210
97821211
97821213
97821214
98002784
98002785
98002786
98002787
98002789
98002790
98002791
98002792
98002793
98002794
98002795
98002796
98002797
98002798
98002799
98002800
98002803
98002805
98002806
98002807
98002827
98002828
98002830
98002831
98002832
98002833
98002838
98002839
98002840
98002841
98002843
98002845
98002848
98002849
98002850
98002851
98002859
98002860
98002861
98002862
98002865
98002866
98002869
98002870
98002876
98002879
98002882
98002883
98002884
98002885
98002887
98002888
98002889
98002890
98002894
98002895
98002899
98002902
98002903
98002904
98002908
98002909
98002910
98002911
98002914
98002916
98002918
98002919
98002925
98002926
98002927
98002928
98002943
98002944
98002945
98002946
98002948
98002949
98002951
98002952
98002956
98002957
98002958
98002959
98002963
98002964
98002966
98002967
98044249
98044250
98061238
98061240
98078717
98078719
98100173
98100174
98100175
98100176
98100177
98100178
98100179
98100180
98100182
98100183
98100185
98100186
98100187
98100188
98100190
98100192
98115165
98115166
98143581
98143582
98143583
98143584
98143586
98143587
98163334
98163335
98163336
98163337
98163338
98163339
98163340
98163341
98163342
98163343
98163344
98163345
98163346
98163347
98163349
98163351
98163352
98163353
98163354
98163355
98163356
98163357
98163358
98163359
98187903
98187906
98187930
98187932
98187953
98187954
98219048
98219049
98233594
98233595
98233596
98233597
98233604
98233606
98249269
98249270
98249271
98249272
98249273
98249274
98249275
98249276
98249277
98249278
98249279
98249280
98249283
98249284
98249285
98249286
98249287
98249288
98249289
98249290
98249291
98249292
98249293
98249295
98249297
98249298
98249299
98249300
98249301
98249302
98249305
98249306
98249307
98249308
98249309
98249310
98249311
98249312
98249313
98249314
98249315
98249316
98249317
98249318
98249319
98249320
98249321
98249322
98410361
98410362
98410364
98410365
98410372
98410373
98410375
98410376
98410377
98410378
98410380
98410381
98410382
98410383
98410387
98410388
98410389
98410390
98410394
98410395
98410397
98410398
98410399
98410400
98410401
98410402
98410404
98410405
98410406
98410407
98410409
98410410
98410413
98410414
98484093
98484094
98523373
98523374
98523375
98523376
98523377
98523378
98523381
98523382
98523383
98523384
98523385
98523386
98523389
98523390
98523391
98523392
98523393
98523394
98523395
98523396
98523397
98523398
98523399
98523400
98523401
98523402
98523405
98523406
98523407
98523408
98523409
98523410
98523411
98523412
98523413
98523414
98523415
98523416
98523417
98523418
98523419
98523420
98523421
98523422
98523423
98523424
98523425
98523426
98523431
98523432
98523433
98523434
98523438
98523439
98523441
98523442
98523443
98523444
98523446
98523447
98523448
98523449
98523452
98523453
98523454
98523455
98523464
98523465
98523466
98523467
98523468
98523469
98523470
98523471
98523472
98523473
98523474
98523476
98523478
98523479
98523480
98523481
98523484
98523485
98523486
98523487
98535835
98535836
98535837
98535838
98535839
98535840
98535841
98535842
98535843
98535844
98535847
98535848
98535849
98535850
98549215
98549216
98549219
98549220
98549222
98549223
98549224
98549225
98549227
98549228
98549236
98549238
98568932
98568933
98568940
98568941
98568944
98568945
98568946
98568947
98568948
98568949
98589343
98589344
98589345
98589346
98603020
98603021
98603022
98603023
98613915
98613916
98627697
98627698
98627699
98627700
98641569
98641570
98641573
98641574
98641577
98641578
98641579
98641580
98641581
98641582
98641583
98641584
98641585
98641586
98641587
98641588
98641589
98641590
98641591
98641593
98641595
98641596
98641597
98641598
98641601
98641602
98641605
98641606
98641607
98641608
98641609
98641610
98641611
98641612
98641613
98641614
98641617
98641618
98641619
98641620
98641621
98641622
98789571
98789572
98789573
98789574
98789575
98789576
98789577
98789578
98789581
98789582
98789583
98789584
98789585
98789586
98789587
98789588
98789589
98789590
98789591
98789592
98789593
98789594
98789595
98789596
98789597
98789598
98789601
98789602
98789603
98789604
98789605
98789606
98789607
98789608
98789609
98789610
98789611
98789612
98789613
98789614
98789615
98789616
98789617
98789618
98789619
98789620
98789623
98789624
98789625
98789626
98789627
98789628
98789629
98789630
98789631
98789632
98789633
98789634
99158009
99158012
99158020
99158023
99158029
99158030
99158031
99158032
99158036
99158037
99158045
99158046
99158051
99158053
99158054
99158055
99158059
99158060
99158121
99158128
99244987
99244988
99244991
99244992
99260124
99260125
99280289
99280290
99280291
99280292
99280295
99280296
99280305
99280306
99306267
99306269
99317852
99317853
99317858
99317859
99330240
99330241
99330246
99330247
99330248
99330249
99330250
99330253
99330256
99330258
99330270
99330273
99330276
99330277
99330278
99330279
99330282
99330283
99475039
99475040
99475043
99475044
99475045
99475046
99475047
99475048
99475049
99475050
99475175
99475179
99475186
99475191
99475199
99475203
99475207
99475214
99475219
99475224
99475229
99475233
99475240
99475245
99475252
99475255
99475260
99475263
99475268
99475272
99475277
99475282
99475288
99475294
99475301
99475306
99475316
99475322
99475330
99475334
99475343
99475347
99475353
99475356
99475363
99475368
99475375
99475379
99475387
99475391
99475398
99475403
99475408
99475413
99475422
99475427
99475436
99475440
99475446
99475452
99475457
99475462
99475469
99475475
99475482
99475485
99475493
99475497
99475504
99475506
99475512
99475514
99475519
99475523
99475527
99475530
99475535
99475538
99475542
99475545
99475549
99475553
99475555
99475557
99475559
99475561
99475563
99475566
99475568
99475572
99475575
99475578
99475581
99475585
99475588
99475591
99475594
99475596
99475600
99475602
99475605
99475608
99475613
99475616
99475619
99475622
99475626
99475628
99492563
99492564
99492569
99492570
99492573
99492574
99492575
99492576
99492584
99492585
99515605
99515606
99515610
99515611
99515616
99515617
99515620
99515621
99515624
99515625
99515627
99515628
99515640
99515641
99515644
99515645
99515648
99515649
99515652
99515653
99515657
99515658
99515685
99515687
99533788
99533789
99533790
99533791
99546930
99546931
99563542
99563543
99563544
99563545
99563546
99563547
99563548
99563549
99563550
99563551
99597139
99597140
99597141
99597142
99597143
99597144
99609873
99609874
99609876
99609877
99609880
99609881
99609882
99609883
99609884
99609885
99630056
99630057
99630072
99630073
99646766
99646767
99900686
99900687
99900688
99900689
99900692
99900693
99900694
99900695
99900696
99900697
99900698
99900699
99900707
99900708
99900711
99900712
99900713
99900714
99900718
99900719
99900721
99900722
99900723
99900724
99900727
99900728
99900729
99900730
99900731
99900732
99900733
99900734
99900740
99900742
99900762
99900763
99900764
99900765
99900772
99900774
99900775
99900776
99900777
99900779
99900783
99900784
99900785
99900786
99900789
99900790
99900794
99900795
99900796
99900797
99900798
99900799
99900801
99900802
99900803
99900804
99900805
99900806
99900809
99900811
99900816
99900818
99900820
99900821
99900844
99900846
99900849
99900851
99900871
99900873
99900876
99900878
99900897
99900899
99900901
99900903
99900921
99900923
99900925
99900927
99900945
99900947
99900949
99900951
99900968
99900970
99900987
99900990
99900992
99900994
99901009
99901011
99901013
99901015
99901029
99901031
99901033
99901035
99901052
99901053
99901054
99901055
99901056
99901057
99901058
99901059
99901060
99901061
99901062
99901063
99901064
99901065
99901068
99901069
99901082
99901084
99901086
99901088
99901119
99901120
99901121
99901122
99901123
99901124
99901171
99901173
99901176
99901178
99901181
99901185
99901208
99901210
99901212
99901215
99901218
99901221
99901223
99901226
99901232
99901236
99901241
99901245
99901250
99901253
99901256
99901259
99901262
99901266
99901270
99901271
99901302
99901307
99901313
99901317
99901382
99901389
99901395
99901400
99901406
99901412
99901468
99901471
99901476
99901479
99901483
99901486
99901491
99901494
99901517
99901520
99901524
99901527
99901532
99901536
99901541
99901543
99901546
99901550
99901576
99901579
99901582
99901584
99901588
99901591
99901595
99901599
99901620
99901622
99901624
99901626
99901629
99901634
99901662
99901666
99901670
99901674
99901705
99901712
99901719
99901725
99901748
99901753
99901758
99901761
99901766
99901771
99901805
99901808
99901851
99901855
99901858
99901861
99901888
99901891
99901896
99901899
99901920
99901922
99901940
99901943
99901945
99901948
99901961
99901964
99901978
99901980
99901983
99901985
99901997
99902000
99902003
99902007
99902011
99902013
99902029
99902032
99902035
99902038
99902050
99902051
99902063
99902066
99902069
99902072
99902087
99902089
99902092
99902094
99902096
99902100
99902112
99902114
99902117
99902118
99902133
99902135
99902137
99902139
99902141
99902143
99902144
99902146
99902150
99902152
99902156
99902159
99902162
99902166
99902202
99902206
99902221
99902225
99902233
99902237
99902241
99902245
99902249
99902253
99902261
99902264
99902273
99902277
99902312
99902317
99902320
99902324
99902330
99902334
99902342
99902344
99902353
99902356
99902379
99902380
99902383
99902386
99902391
99902394
99902402
99902405
99902415
99902418
99902456
99902458
99902462
99902464
99902473
99902478
99902513
99902516
99902520
99902521
99902528
99902531
99902567
99902570
99902573
99902576
99902583
99902586
99902608
99902610
99902613
99902616
99902649
99902652
99902655
99902657
99902744
99902747
99902779
99902783
99902785
99902788
99902810
99902812
99902815
99902818
99902842
99902845
99902847
99902851
99902864
99902867
99902870
99902875
99902886
99902890
99902892
99902894
99902910
99902913
99902920
99902924
99902959
99902962
99902965
99902969
99902972
99902975
99903004
99903007
99903011
99903015
99903034
99903038
99903041
99903043
99903045
99903046
99903048
99903050
99903051
99903054
99903055
99903057
99903063
99903066
99903068
99903070
99903072
99903075
99903077
99903079
99903081
99903082
99903085
99903087
99903089
99903091
99903094
99903096
99903098
99903100
99903102
99903104
99903108
99903110
99903123
99903126
99903129
99903131
99903139
99903142
99903152
99903156
99903159
99903162
99903167
99903171
99954679
99954680
99954681
99954682
99954683
99954684
99954685
99954686
99967515
99967516
99980019
99980020
99995307
99995309
99995320
99995321
99995342
99995343
100012135
100012136
100012141
100012142
100012145
100012146
100012147
100012148
100012149
100012150
100012151
100012152
100029716
100029717
100029722
100029723
100029724
100029725
100037930
100037941
100037950
100037960
100037975
100038007
100038024
100038034
100038058
100038068
100063521
100063527
100063531
100063533
100063549
100063553
100063555
100063557
100063560
100063566
100063569
100063573
100063580
100063584
100063597
100063599
100063602
100063605
100063608
100063610
100063617
100063622
100063635
100063638
100063664
100063668
100063670
100063671
100063679
100063683
100063692
100063695
100063706
100063709
100063712
100063714
100063722
100063727
100063741
100063745
100063759
100063761
100063777
100063780
100063793
100063796
100063813
100063817
100063821
100063826
100097383
100100577
100105055
100105108
100120006
100120007
100120008
100120030
100121511
100121818
100122164
100122863
100124698
100124699
100124700
100124701
100124702
100124703
100124704
100124705
100124706
100124707
100124708
100124709
100124710
100124711
100124712
100124713
100124714
100124715
100124716
100124717
100124718
100124719
100124720
100124721
100124722
100124723
100124724
100124725
100124726
100124727
100124728
100124729
100124731
100124732
100124733
100124734
100124735
100124736
100124737
100124738
100124739
100124740
100124741
100124742
100124743
100124744
100124745
100124746
100124747
100124748
100124749
100124750
100124751
100124752
100124753
100124754
100124755
100124756
100124757
100124758
100124759
100124760
100124761
100124762
100124763
100124764
100124765
100124766
100124767
100124768
100124769
100124770
100124771
100124772
100124773
100124774
100124775
100124776
100124777
100124778
100124779
100124780
100124781
100124782
100124783
100124784
100124785
100124786
100124787
100124788
100124789
100124790
100124791
100124792
100124793
100124794
100124795
100124796
100124797
100124798
100126011
100126012
100126013
100126014
100126015
100126016
100126017
100126018
100126019
100126020
100126021
100126022
100126023
100126024
100126025
100126026
100126027
100126028
100126029
100126030
100126031
100126032
100126033
100126034
100126035
100126036
100126037
100126038
100126039
100126040
100126041
100126042
100126043
100126044
100126045
100126046
100126047
100126048
100126049
100126050
100126051
100126052
100126053
100126054
100126055
100126056
100126057
100126058
100126059
100126060
100126061
100126062
100126063
100126064
100126065
100126066
100126067
100126068
100126069
100126070
100126071
100126072
100126073
100126074
100126075
100126076
100126077
100126078
100126079
100126080
100126081
100126082
100126083
100126085
100126086
100126087
100126088
100126089
100126090
100126091
100126092
100126093
100126094
100126095
100126096
100126097
100126098
100126099
100126100
100126101
100126102
100126103
100126104
100126105
100126106
100126107
100126108
100126109
100126110
100126111
100277935
100277936
100277940
100277941
100277944
100277945
100277948
100277949
100277950
100277951
100277960
100277961
100277966
100277968
100277970
100277971
100277981
100277982
100277983
100277984
100277999
100278000
100278001
100278002
100278007
100278008
100278009
100278010
100278011
100278012
100278013
100278014
100278015
100278016
100278017
100278018
100278021
100278022
100278023
100278024
100278032
100278033
100278037
100278038
100278039
100278040
100278041
100278042
100278046
100278047
100278048
100278050
100278054
100278055
100278057
100278058
100278059
100278060
100278061
100278062
100278063
100278064
100278065
100278066
100278067
100278068
100278069
100278070
100278071
100278072
100278075
100278076
100278079
100278080
100278081
100278082
100278083
100278084
100278087
100278089
100342845
100342848
100362688
100362689
100416484
100416485
100416488
100416489
100416495
100416496
100435858
100435859
100435860
100435862
100455734
100455735
100455736
100455737
100455738
100455739
100476334
100476335
100496378
100496380
100496410
100496411
100496422
100496423
100496424
100496425
100496439
100496440
100496759
100496760
100496761
100496762
100496763
100496764
100496765
100496766
100496767
100496768
100496769
100496771
100496772
100496773
100496774
100496775
100496776
100496777
100496778
100496779
100496780
100496781
100498204
100498205
100498206
100498207
100498208
100498209
100498210
100498211
100498212
100498213
100498214
100498215
100498216
100498217
100498218
100498219
100498220
100498221
100498222
100498223
100498224
100498225
100498226
100498227
100498228
100498229
100498230
100498231
100498232
100498233
100498234
100498235
100498236
100498237
100498238
100498239
100498240
100498241
100498242
100498243
100498244
100498245
100498246
100498247
100498248
100498249
100498250
100498251
100498252
100498253
100498254
100498255
100498256
100498257
100498258
100498259
100498260
100498261
100498262
100498263
100498264
100498265
100498266
100498267
100498268
100498269
100498270
100498271
100498272
100498273
100498274
100498275
100498276
100498277
100498278
100498279
100498280
100498281
100498282
100498283
100498284
100498285
100498286
100498287
100498288
100498289
100498290
100498291
100498292
100498293
100498294
100498295
100498296
100498297
100498298
100498299
100498300
100498301
100498302
100498303
100499357
100499358
100499359
100499360
100499361
100499362
100499363
100499364
100499365
100499366
100499367
100499368
100499369
100499370
100499371
100499372
100499373
100499374
100499375
100499376
100499377
100499378
100499379
100499380
100499381
100499382
100499383
100499384
100499385
100499386
100499387
100499388
100499389
100499390
100499391
100499392
100499393
100499394
100499395
100499396
100499397
100499398
100499399
100499400
100499401
100499402
100499403
100499404
100499405
100499406
100499407
100499408
100499409
100499410
100499411
100499412
100499413
100499414
100499415
100499416
100499417
100499418
100499419
100499420
100499421
100499422
100499423
100499424
100499425
100499426
100499427
100499428
100499429
100499430
100499431
100499432
100499433
100499434
100499435
100499436
100499437
100499438
100499439
100499440
100499441
100499442
100499443
100499444
100499445
100499446
100499447
100499448
100499449
100499450
100499451
100499452
100499453
100499454
100499455
100499456
100503547
100503548
100503549
100503551
100503552
100503553
100503554
100503555
100503556
100503557
100503558
100503559
100503560
100503561
100503562
100503563
100503564
100503565
100503566
100503567
100503568
100503569
100503570
100503571
100503572
100503573
100503574
100503575
100503576
100503577
100503578
100503580
100503581
100503582
100503583
100503584
100503585
100503586
100503587
100503588
100503589
100503590
100503591
100503592
100503593
100503594
100503595
100503596
100503597
100503598
100503599
100503600
100503601
100503602
100503603
100503604
100503605
100503606
100503607
100503608
100503609
100503610
100503611
100503612
100503613
100503614
100503615
100503616
100503617
100503618
100503619
100503620
100503621
100503622
100503623
100503624
100503626
100503628
100503629
100503630
100503631
100503632
100503633
100503634
100503635
100503636
100503637
100503638
100503639
100503640
100503641
100503642
100503643
100503644
100503645
100503646
100503647
100503648
100503649
100503650
100506126
100506127
100506128
100506129
100506130
100506131
100506132
100506133
100506134
100506135
100506136
100506137
100506138
100506139
100506140
100506141
100506142
100506143
100506144
100506145
100506146
100506147
100506148
100506149
100506150
100506151
100506152
100506153
100506154
100506155
100506156
100506157
100506158
100506159
100506160
100506161
100506162
100506163
100506164
100506165
100506166
100506167
100506168
100506169
100506170
100506171
100506172
100506173
100506174
100506175
100506176
100506177
100506178
100506179
100506180
100506181
100506182
100506183
100506184
100506185
100506186
100506187
100506188
100506189
100506190
100506191
100506192
100506193
100506194
100506195
100506196
100506197
100506198
100506199
100506200
100506201
100506202
100506203
100506637
100506638
100506639
100506640
100506641
100506642
100506643
100506644
100506645
100506646
100506647
100506648
100506649
100506650
100506651
100506652
100506653
100506654
100506655
100506656
100506657
100506658
100506659
100506660
100506661
100506662
100506663
100506664
100506665
100506666
100506667
100506668
100506669
100506670
100506671
100506672
100506673
100506674
100506675
100506676
100506677
100506678
100506679
100506680
100506681
100506682
100506683
100506684
100506685
100506686
100506687
100506688
100506689
100506690
100506691
100506692
100506693
100506694
100506695
100506696
100506697
100506698
100506699
100506700
100506701
100506702
100506703
100506704
100506705
100506706
100506707
100506708
100506709
100506710
100506711
100506712
100506713
100506714
100506715
100506716
100506717
100506718
100506719
100506720
100506721
100506722
100506723
100506724
100506725
100506726
100506727
100506728
100506729
100506730
100506731
100506732
100506733
100506734
100506735
100506736
100511897
100511898
100511899
100511900
100511901
100511902
100511903
100511904
100511905
100511906
100511907
100511908
100511909
100511910
100511911
100511912
100511913
100511914
100511915
100511916
100511917
100511918
100511919
100511920
100511921
100511922
100511923
100511924
100511925
100511926
100511927
100511928
100511929
100511930
100511931
100511932
100511933
100511934
100511935
100511936
100511937
100511938
100511939
100511940
100511941
100511942
100511943
100511944
100511945
100511946
100511947
100511948
100511949
100511950
100511951
100511952
100511953
100511954
100511955
100511956
100511957
100511958
100511959
100511960
100511961
100511962
100511963
100511964
100511965
100511966
100511967
100511968
100511969
100511970
100511971
100511972
100511973
100511974
100511975
100511976
100511977
100511978
100511979
100511980
100511981
100511982
100511983
100511984
100511985
100511986
100511987
100511988
100511989
100511990
100511991
100511992
100511993
100511994
100511995
100511996
100513329
100513330
100513411
100513412
100513413
100513414
100513415
100513416
100513417
100513418
100513419
100513420
100513421
100513422
100513423
100513424
100513425
100513426
100513427
100513428
100513429
100513430
100513431
100513432
100513433
100513434
100513435
100513436
100513437
100513438
100513439
100513440
100513441
100513442
100513443
100513444
100513445
100513446
100513447
100513448
100513449
100513450
100513451
100513452
100513453
100513454
100513455
100513456
100513457
100513458
100513459
100513460
100513461
100513462
100513463
100513464
100513465
100513466
100513467
100513468
100513469
100513470
100513471
100513472
100513473
100513474
100513475
100513476
100513477
100513478
100513479
100513480
100513481
100513482
100513483
100513484
100513485
100513486
100513487
100513488
100513489
100513490
100513491
100513492
100513494
100513495
100513496
100513497
100513498
100513499
100513500
100513501
100513502
100513503
100513504
100513505
100513506
100513507
100513508
100513509
100513510
100513511
100514878
100514879
100514880
100514881
100514882
100514883
100514884
100514885
100514886
100514887
100514888
100514889
100514890
100514891
100514892
100514893
100514894
100514895
100514896
100514897
100514898
100514899
100514900
100514901
100514902
100514903
100514904
100514905
100514906
100514907
100514908
100514909
100514910
100514911
100514912
100514913
100514914
100514915
100514916
100514917
100515679
100515680
100515681
100515682
100515683
100515684
100515685
100515686
100515687
100515688
100515689
100515690
100515691
100515692
100515693
100515694
100515695
100515696
100515697
100515698
100515699
100515700
100515701
100515702
100515703
100515704
100515705
100515706
100515707
100515708
100515709
100515710
100515711
100515712
100515713
100515714
100515715
100515716
100515717
100515718
100515719
100515720
100515721
100515722
100515723
100515724
100515725
100515726
100515727
100515728
100515729
100515730
100515731
100515732
100515733
100515734
100515735
100515736
100515737
100515738
100515739
100515740
100515741
100515742
100515743
100515744
100515745
100515746
100515747
100515748
100515749
100515750
100515751
100515752
100515753
100515754
100515755
100515756
100515757
100515758
100515759
100515760
100515761
100515762
100515763
100515764
100515765
100515766
100515767
100515768
100516910
100516911
100516912
100516913
100516914
100516915
100516916
100516917
100516918
100516919
100516920
100516921
100516922
100516923
100516924
100516925
100516926
100516927
100516928
100516929
100516930
100516931
100516932
100516933
100516934
100516935
100516936
100516937
100516938
100516939
100516940
100516941
100516942
100516943
100516944
100516945
100516946
100516947
100516948
100516949
100516950
100516951
100516952
100516953
100516954
100516955
100516956
100516957
100516958
100516959
100516960
100516961
100516962
100516963
100516964
100516965
100516966
100516967
100516968
100516969
100516970
100516971
100516972
100516973
100516974
100516975
100516976
100516977
100516978
100516979
100516980
100516981
100516982
100516983
100516984
100516985
100516986
100516987
100516988
100516989
100516990
100516991
100516992
100516993
100516994
100516995
100516996
100516997
100516998
100516999
100517000
100517001
100517002
100517003
100517004
100517005
100517006
100517007
100517008
100517009
100520359
100520360
100520361
100520362
100520363
100520364
100520365
100520366
100520367
100520368
100520369
100520370
100520371
100520372
100520373
100520374
100520375
100520376
100520377
100520378
100520379
100520380
100520381
100520382
100520383
100520384
100520385
100520386
100520387
100520388
100520389
100520390
100520391
100520392
100520393
100520394
100520395
100520396
100520397
100520398
100520399
100520400
100520401
100520402
100520403
100520404
100520405
100520406
100520407
100520408
100520409
100520410
100520411
100520412
100520413
100520414
100520415
100520416
100520417
100520418
100520419
100520420
100520421
100520422
100520423
100520424
100520425
100520426
100520427
100520428
100520429
100520430
100520431
100520432
100520433
100520434
100520435
100520436
100520437
100520438
100520439
100520440
100520441
100520442
100520443
100520444
100520445
100520446
100520447
100520448
100520449
100520450
100520451
100520452
100520453
100520454
100520455
100520456
100520457
100520458
100521078
100521079
100521080
100521081
100521082
100521083
100521084
100521085
100521086
100521087
100521088
100521089
100521090
100521091
100521092
100521093
100521094
100521095
100521096
100521097
100521098
100521099
100521100
100521101
100521102
100521103
100521104
100521105
100521106
100521107
100521108
100521109
100521110
100521111
100521112
100521113
100521114
100521115
100521116
100521117
100521118
100521119
100521120
100521121
100521122
100521123
100521124
100521125
100521126
100521127
100521128
100521129
100521130
100521131
100521132
100521133
100521134
100521135
100521136
100521137
100521138
100521139
100521140
100521141
100521142
100521143
100521144
100521145
100521146
100521147
100521148
100521149
100521150
100521151
100521152
100521153
100521154
100521155
100521156
100521157
100521158
100521159
100521160
100521161
100521162
100521163
100521164
100521165
100521166
100521167
100521168
100521169
100521170
100521171
100521172
100521173
100521174
100521175
100521176
100521177
100521671
100521672
100521673
100521674
100521675
100521676
100521677
100521678
100521679
100521680
100521681
100521682
100521683
100521684
100521685
100521686
100521687
100521688
100521689
100521690
100521691
100521692
100521693
100521694
100521695
100521696
100521697
100521698
100521699
100521700
100521701
100521702
100521703
100521704
100521705
100521706
100521707
100521708
100521709
100521710
100521711
100521712
100521713
100521714
100521715
100521716
100521717
100521718
100521719
100521720
100521721
100521722
100521723
100521724
100521725
100521726
100521727
100521728
100521729
100521730
100521731
100521732
100521733
100521734
100521735
100521736
100521737
100521738
100521739
100521740
100521741
100521742
100521743
100521744
100521745
100521746
100521747
100521748
100521749
100521750
100521751
100521752
100521753
100521754
100521755
100521756
100521757
100521758
100521759
100521760
100521761
100521762
100521763
100521764
100521765
100521766
100521767
100521768
100521769
100521770
100522708
100522709
100522710
100522711
100522712
100522713
100522714
100522715
100522716
100522717
100522718
100522719
100522720
100522721
100522722
100522723
100522724
100522725
100522726
100522727
100522728
100522729
100522730
100522731
100530900
100530901
100530903
100530904
100530907
100530908
100550342
100550343
100550345
100550346
100550347
100550348
100550352
100550353
100550357
100550358
100550359
100550361
100550364
100550365
100550366
100550367
100550368
100550369
100550370
100550371
100550372
100550373
100550374
100550375
100550377
100550378
100581068
100581069
100581070
100581071
100581072
100581073
100581517
100581518
100581519
100581520
100581521
100581522
100581523
100581525
100581526
100581527
100581528
100581529
100581530
100581531
100581532
100581533
100581534
100581535
100581536
100581537
100581538
100581539
100581540
100581541
100581542
100581543
100581544
100581545
100581546
100581547
100581548
100581549
100581550
100581551
100581552
100581553
100581554
100581555
100581556
100581557
100581558
100581559
100581560
100581561
100581562
100581563
100581564
100581565
100581566
100581567
100581568
100581569
100581570
100581571
100581572
100581573
100581574
100581575
100581576
100581577
100581578
100581579
100581580
100581581
100581582
100581583
100581584
100581585
100581586
100581587
100581588
100581589
100581590
100581591
100581592
100581593
100581594
100581595
100581596
100581597
100581598
100581599
100581600
100581601
100581602
100581603
100581604
100581605
100581606
100581607
100581608
100581609
100581610
100581611
100581612
100581613
100581614
100581615
100581616
100581617
