75603351
75603354
75603356
75603357
75603390
75603396
75603404
75603406
75603494
75603501
75603503
75603506
75603508
75603525
75603534
75603535
75603544
75603546
75603553
75603561
75603578
75603674
75603710
75603715
75612894
75612897
75612901
75612903
75612905
75612906
75612908
75612910
75612913
75612917
75612918
75612919
75617634
75617635
75617639
75617657
75617658
75618056
75618654
75618655
75618659
75619514
75619521
75619524
75619532
75619535
75619538
75619546
75619556
75619559
75619568
75620644
75620694
75620743
75620802
75620857
75620860
75620868
75621111
75621868
75621907
75621913
75621920
75621929
75621930
75621932
75621936
75621938
75621939
75621947
75692629
75692630
75692634
75692644
75692645
75692646
75692647
75692648
75693216
75692652
75692654
75692658
75692659
75692665
75692666
75692667
75692668
75692674
75692677
75692681
75692685
75692686
75692687
75692695
75692696
75692697
75692698
75692699
75692701
75692704
75692709
75692710
75692711
75692712
75692713
75692718
75692719
75692720
75692721
75692724
75692727
75692736
75692738
75692740
75692741
75692742
75692743
75692744
75692745
75692746
75692747
75692777
75692796
75692798
75692799
75692801
75692803
75692823
75692842
75692843
75692844
75692845
75692846
75692848
75692852
75692854
75692858
75692859
75692860
75692867
75692868
75692869
75692870
75692873
75692874
75692876
75692881
75692882
75692883
75692884
75692890
75692891
75692892
75692893
75692897
75692899
75692901
75692909
75692913
75692914
75692918
75692920
75692924
75692926
75692929
75692936
75692937
75692938
75692940
75692943
75692946
75692947
75692951
75692954
75692955
75692959
75692960
75692961
75692975
75692984
75692989
75692991
75693006
75693007
75693008
75693010
75693028
75693029
75693032
75693033
75693035
75693037
75693041
75693045
75693048
75693053
75693057
75693060
75693064
75693065
75693068
75693069
75707793
75707795
75707798
75707800
75707806
75707827
75707828
75707830
75707831
75707832
75707833
75707835
75707836
75707838
75707847
75707848
75707849
75707850
75707851
75707864
75707865
75707866
75707868
75707870
75940884
75940885
75940886
75940893
75940894
75940895
75940896
75940897
75940898
75940902
75940903
75940904
75940907
75940908
75940913
75940914
75940915
75940916
75940918
75940922
75940923
75940924
75940928
75940929
75940930
75940934
75940935
75940936
75940940
75940941
75940942
75940945
75940946
75940949
75940950
75940953
75940954
75940959
75940960
75940961
75940962
75940965
75940966
75940969
75940970
75940973
75940974
75940979
75940980
75940983
75940984
75940986
75940989
75940990
75940993
75940994
75940997
75940998
75959311
75959312
75959315
75959317
75959318
75959321
75959323
75959325
75959329
75959330
75959338
75959339
75959340
75959342
75959344
75959346
75959349
75959350
75959356
75959359
75959360
75959362
75959373
75959374
75959376
75959377
75959378
75959379
75959380
75959381
75959388
75959389
75959393
75959394
75959397
75959398
75959400
75959403
75959404
75959406