68862989
68863672
68863674
68863676
68863678
68863748
68863751
68863753
68863754
68863973
68864012
68864050
68864054
68864058
68864062
68864065
68864068
68864071
68864074
68864078
68864082
68864085
68864088
68864091
68864096
68864119
68864122
68864124
68864126
68864127
68864129
68864131
68864134
68864137
68864140
68864142
68864145
68864148
68864165
68864166
68864169
68864170
68864171
68864174
68864177
68864180
68864182
68864185
68864187
68864192
68864194
68865117
68865122
68865127
68864460
68864462
68865146
68865149
68865152
68864582
68864585
68864587
68864590
68864592
68864595
68864597
68864599
68864602
68864604
68864606
68864608
68864610
68864612
68864614
68864801
68865032
68864805
68864809
68864925
68865705
68864983
68864987
68864991
68864994
68864997
68865001
68865004
68865006
68865008
68865710
68865010
68865723
68865734
68865743
68865012
68865016
68865021
68865022
68865024
68865028
68865030
68865119
68865125
68865130
68865134
68865138
68865142
68865145
68865148
68865150
68865153
68865155
68865156
68865158
68865159
68865160
68865161
68865162
68865163
68865164
68865165
68865166
68865167
68865168
68865169
68865170
68865171
68865172
68865173
68865174
68865175
68865176
68865177
68865178
68865179
68865180
68865181
68865182
68865183
68865184
68865185
68865186
68865187
68865188
68865189
68865190
68865191
68865192
68865195
68865196
68865197
68865198
68865199
68865204
68865207
68865210
68865212
68865213
68865215
68865291
68865216
68865219
68865221
68865222
68865223
68865224
68865225
68865258
68865259
68865260
68865268
68865269
68865270
68865271
68865272
68865274
68865275
68865276
68865277
68865278
68865279
68865280
68865281
68865282
68865283
68865284
68865285
68865286
68865287
68865288
68865289
68866657
68866674
68866683
68866692
68866704
68866713
68866724
68867244
68867257
68866735
68867262
68866749
68866761
68867270
68866777
68867282
68866790
68866801
68866815
68866824
68866839
68866850
68866858
68866868
68867199
68867453
68867463
68867470
68867512
68867517
68867223
68867230
68867237
68869591
68869595
68869601
68869606
68870240
68870248
68870256
68870263
68870268
68870276
68870283
68870288
68870293
68870298
68870302
68870306
68871187
68871192
68871203
68873373
68873378
68873385
68873391
68873397
68873401
68873406
68873413
68873417
68873423
68873428
68873583
68873593
68873598
68874065
68874098
68874529
68874535
68874541
68874547
68874553
68874556
68874560
68874563
68874680
68874683
68874968
68874972
68875669
68875676
68875697
68875705
68875712
68875719
68875729
68875734
68875741
68875747
68875751
68875756
68875761
68875767
68875773
68875777
68875786
68875791
68875795
68875812
68875819
68876145
68876151
68876156
68876162
68876167
68876174
68876183
68876186
68876192
68876199
68876205
68876208
68876303
68876308
68876313
68876317
68876322
68876327
68876332
68876336
68876339
68876343
68876348
68876352
68876354
68876358
68876362
68876364
68876368
68876372
68876374
68876377
68876213
68876225
68876226
68876229
68876239
68876242
68876246
68876298
68876591
68876597
68876603
68876613
68876620
68876659
68876665
68876673
68876679
68876684
68876690
68876698
68876702
68876709
68876715
68876718
68876723
68876728
68876733
68876740
68876746
68876751
68876756
68877099
68877101
68877425
68877654
68877657
68877659
68877662
68877664
68877666
68877669
68877672
68877675
68877677
68877681
68877684
68877688
68877692
68877696
68877700
68877705
68877708
68877713
68877717
68877721
68877728
68877733
68877740
68877746
68877751
68877757
68877762
68878005
68878010
68878017
68878023
68878029
68878041
68878046
68878050
68878055
68878058
68878062
68878066
68878367
68878372
68878380
68878389
68878525
68878526
68878527
68878528
68878530
68878531
68878532
68878533
68878534
68878535
68878536
68878537
68878538
68878540
68878541
68878542
68878543
68878544
68878546
68878548
68878551
68878552
68878553
68878555
68878556
68878558
68878559
68878560
68878561
68878563
68878598
68878599
68878600
68878604
68878605
68878606
68878607
68878608
68878609
68878611
68878612
68878613
68878614
68878615
68878616
68878617
68878618
68878619
68878620
68878624
68878625
68878626
68878627
68878628
68878629
68878630
68878631
68878632
68878633
68878634
68878743
68878745
68878748
68878752
68878780
68878784
68878961
68878964
68878965
68878969
68878973
68878977
68878979
68878981
68878982
68878983
68878985
68878989
68878990
68878991
68878993
68878994
68878995
68878996
68878997
68878998
68878999
68879000
68879001
68879002
68879003
68878443
68879004
68879005
68879006
68879007
68879009
68879010
68879011
68879012
68879013
68879014
68879015
68879016
68879017
68879018
68879019
68879020
68879021
68879022
68879023
68879024
68879025
68879026
68879027
68879028
68879029
68879030
68879031
68879032
68879033
68879034
68879035
68879036
68879037
68879038
68879039
68879040
68879041
68879042
68878447
68879043
68879044
68879045
68879046
68879047
68879048
68879049
68879050
68879051
68881461
68881467
68881472
68881476
68881482
68881487
68881495
68881503
68881511
68881517
68881525
68881532
68881537
68881542
68881546
68881550
68881553
68881560
68881568
68881575
68881601
68881604
68881612
68881631
68881638
68881643
68881648
68881656
68881659
68881665
68881669
68881675
68881679
68881685
68881695
68881701
68881705
68881710
68881714
68881720
68881727
68881733
68881739
68881745
68881757
68881763
68881772
68881775
68881779
68882003
68882008
68882022
68882027
68882033
68882037
68882046
68882052
68882521
68882531
68882539
68882547
68882555
68882560
68882568
68882574
68884980
68884986
68884990
68888006
68890752
68890760
68890768
68891461
68891952
68891956
68891959
68891964
68891967
68892032
68892038
68892044
68892051
68892564
68892571
68892575
68892581
68892601
68892607
68892614
68892620
68892626
68892633
68892639
68892647
68892652
68892657
68892665
68892672
68892680
68892685
68892692
68892697
68892703
68892709
68892719
68892725
68892732
68892736
68892745
68892752
68892757
68892762
68892767
68892772
68892777
68892913
68892781
68892787
68892791
68892797
68892802
68892807
68892813
68892822
68892828
68892919
68892923
68892927
68892931
68892936
68892941
68892945
68892950
68892954
68892960
68892964
68892967
68892970
68892974
68892979
68892982
68892986
68892991
68892996
68893002
68893007
68893011
68893014
68893017
68893021
68893025
68893028
68893031
68893034
68893040
68893044
68893048
68893051
68893055
68893288
68893293
68893325
68893329
68893333
68893337
68893341
68893203
68893206
68893211
68893346
68893352
68893215
68893220
68893223
68893228
68893232
68893238
68893242
68893247
68893807
68893811
68893816
68893823
68893851
68893857
68893864
68893871
68893874
68893881
68893887
68893891
68893896
68893903
68893908
68893916
68893921
68893927
68893932
68893935
68893940
68893945
68893949
68893953
68893960
68893965
68893970
68893975
68893981
68893986
68893992
68893997
68894001
68894006
68894013
68894018
68894021
68894027
68894033
68894039
68894045
68894052
68894060
68894066
68894071
68894076
68894079
68894083
68894088
68894091
68894095
68894099
68894124
68894128
68894134
68894141
68894144
68894154
68894564
68894572
68894578
68894585
68894592
68894600
68894607
68894613
68894620
68894627
68894632
68894638
68894644
68894650
68894655
68894661
68894666
68894670
68894682
68894687
68894691
68894698
68894704
68894709
68894714
68894718
68894723
68894728
68894734
68894739
68894743
68894749
68894753
68894758
68894766
68894773
68894778
68894786
68894792
68894798
68894804
68894808
68894812
68894818
68894820
68894824
68894829
68894835
68894844
68894849
68894855
68894860
68894865
68895158
68895172
68895178
68895184
68895192
68895203
68895212
68895217
68895224
68895230
68895236
68895241
68895247
68895252
68895257
68895261
68895269
68895273
68895277
68895281
68895286
68895290
68895294
68895298
68895303
68895309
68895314
68895878
68895898
68895906
68895914
68895922
68895929
68895938
68895946
68895955
68895963
68895970
68895976
68895981
68895989
68896067
68896076
68896085
68896091
68896099
68896107
68896114
68896119
68896125
68896132
68896140
68896149
68896155
68896162
68896167
68896173
68896180
68896186
68896189
68896195
68896200
68896206
68896211
68896215
68896221
68896228
68896232
68896236
68896241
68896247
68896252
68896255
68896262
68896266
68896271
68896276
68896280
68896285
68896290
68896295
68896603
68896607
68896610
68896616
68896622
68896628
68896632
68896638
68896642
68896651
68896657
68896662
68896668
68896677
68896683
68896689
68896694
68896699
68896704
68896709
68896713
68896717
68896723
68896729
68896733
68896753
68896758
68896763
68896768
68896772
68896776
68896780
68896783
68896787
68896791
68896989
68896994
68896795
68896998
68896829
68896834
68896838
68896844
68896850
68896857
68896862
68896868
68896877
68896882
68896886
68896891
68896895
68896898
68896902
68896907
68896911
68896917
68896922
68897002
68896926
68896929
68896937
68896944
68896948
68896952
68896956
68896960
68896964
68896969
68896972
68896976
68896980
68896984
68897231
68897234
68897264
68897273
68897280
68897294
68897306
68897241
68897246
68897412
68897417
68897420
68897424
68897456
68897461
68897581
68897583
68897590
68897592
68897597
68898035
68898043
68898049
68898054
68898060
68898069
68898075
68898081
68898088
68898008
68898101
68898107
68898015
68898114
68898121
68898127
68898131
68898135
68898139
68898143
68898147
68898152
68898159
68898162
68898168
68898172
68898176
68898182
68898186
68898190
68898194
68898199
68898203
68898213
68898215
68898220
68898226
68898231
68898236
68898243
68898249
68898255
68898261
68898268
68898275
68898280
68898286
68898293
68898300
68898307
68898313
68898317
68898327
68898332
68898336
68898343
68898349
68898357
68898362
68898367
68898565
68898572
68898578
68898583
68898589
68898593
68898597
68898604
68898609
68898614
68898620
68898624
68898629
68898633
68898639
68898644
68898648
68898653
68898657
68898662
68898666
68898669
68898675
68898680
68898684
68898688
68898692
68898696
68898700
68898704
68898708
68898713
68898719
68898725
68898729
68898735
68898740
68898744
68898748
68898752
68898758
68898761
68898765
68898920
68898924
68898808
68898813
68898816
68898821
68898829
68898835
68898843
68898847
68898854
68898860
68898865
68898869
68898873
68898880
68898886
68898891
68898900
68898904
68899219
68899225
68899246
68899253
68899262
68899270
68899276
68899284
68899288
68899292
68899298
68899304
68899308
68899317
68899323
68899338
68899345
68899350
68899355
68899360
68899367
68899374
68899380
68899386
68899394
68899401
68899407
68899413
68899420
68899427
68899433
68899439
68899444
68899450
68899455
68899461
68899467
68899472
68899478
68899484
68899489
68899493
68899497
68899501
68899505
68899509
68899514
68899518
68899522
68899526
68899535
68899542
68899546
68899555
68899559
68899563
68899569
68899572
68899577
68899582
68899586
68899590
68899594
68899598
68899610
68899614
68899617
68899630
68899636
68899645
68899650
68899656
68899662
68899667
68899672
68899676
68899682
68899687
68899693
68899698
68899704
68899709
68899714
68899718
68899722
68899729
68899736
68899740
68899745
68899747
68899754
68899757
68899763
68899767
68899770
68899774
68899779
68899782
68899787
68899793
68899804
68899808
68899817
68899822
68899824
68899827
68899833
68899841
68899850
68899857
68899863
68899869
68899877
68899885
68899890
68899896
68899903
68899909
68899915
68899920
68899925
68899936
68899941
68899947
68899951
68899954
68899960
68899964
68899968
68899973
68899976
68899978
68899982
68899986
68899991
68899994
68899998
68900002
68900007
68900011
68900015
68900018
68900022
68900026
68900029
68900032
68900036
68900040
68900048
68900052
68900056
68900059
68900066
68900072
68900077
68900082
68900087
68900091
68900096
68900101
68900104
68900107
68900110
68900116
68900122
68900127
68900132
68900138
68900144
68900147
68900154
68900159
68900167
68900173
68900179
68900187
68900192
68900196
68900200
68900205
68900211
68900216
68900222
68900229
68900235
68900243
68900248
68900250
68900255
68900261
68900268
68900271
68900275
68900279
68900283
68900287
68900293
68900299
68900303
68900311
68900352
68900705
68900709
68900713
68900717
68900720
68900725
68900732
68900737
68900741
68900743
68900748
68900753
68900759
68900763
68900769
68900774
68900782
68900801
68900807
68900811
68900823
68900830
68900838
68900847
68900857
68900866
68900871
68900883
68900890
68900898
68900905
68900914
68900922
68900928
68900933
68900938
68900943
68900947
68900950
68900954
68900958
68900964
68900969
68900974
68900981
68900985
68900991
68900381
68900996
68901000
68901007
68901016
68901022
68901029
68901034
68901047
68901053
68901058
68901062
68901067
68901072
68901078
68901082
68901089
68901098
68901103
68901108
68901111
68900396
68901115
68901120
68901127
68901133
68900404
68900409
68901142
68900441
68900447
68900452
68900456
68900460
68900464
68901148
68900468
68900471
68900473
68900477
68900481
68900485
68901153
68900489
68901166
68901170
68901180
68901187
68901197
68901206
68901213
68901221
68901227
68901235
68901242
68901249
68901254
68901260
68901267
68901275
68901281
68901287
68901292
68901297
68900498
68900502
68900507
68900515
68900520
68900523
68900528
68900534
68900539
68900544
68900549
68901304
68900561
68900566
68900574
68900579
68900585
68900591
68900597
68900603
68901310
68901316
68901322
68901326
68901332
68901336
68901346
68901353
68901358
68901366
68901371
68901376
68901381
68901388
68901394
68901399
68901405
68901410
68901416
68901422
68908129
68908134
68909878
68909886
68909896
68909904
68909912
68909922
68909930
68909936
68909940
68909945
68909949
68909953
68909959
68909963
68909967
68909971
68909975
68909979
68909982
68911036
68911054
68911059
68912495
68912501
68913000
68913708
68914033
68914039
68914311
68914318
68914326
68915843
68915848
68915853
68917059
68917065
68917071
68917079
68917085
68917092
68917103
68917109
68917116
68917122
68917126
68922370
68922375
68922380
68922385
68922392
68922397
68922401
68922405
68922408
68922451
68922454
68922460
68922464
68922468
68922472
68922477
68922480
68922483
68922486
68922621
68922627
68922490
68922495
68922630
68922499
68922503
68922507
68922510
68922513
68922516
68922518
68922522
68922545
68922550
68922554
68922557
68922560
68922920
68922967
68923100
68923110
68923190
68923217
68923237
68923251
68923274
68923296
68923314
68923328
68923331
68923368
68923374
68923386
68923392
68923394
68923425
68923437
68923439
68925830
68925838
68927363
68928597
68928855
68928865
68928879
68928890
68928901
68928918
68930175
68930186
68930194
68930167
68931065
68930818
68930827
68930848
68930856
68930865
68930873
68930885
68930893
68931334
68933010
68933015
68933024
68933034
68933041
68933055
68934082
68935224
68935269
68935275
68935281
68935286
68935290
68935293
68935296
68935300
68935304
68935307
68935311
68935315
68935319
68935321
68935323
68935330
68935333
68935336
68935339
68935342
68935345
68935347
68935349
68935354
68935357
68935358
68935361
68935364
68935366
68935371
68935375
68935381
68935386
68935393
68935397
68935401
68935406
68935428
68935431
68935411
68935415
68935421
68935568
68935576
68935587
68935597
68935604
68935613
68935628
68935638
68935649
68935658
68935663
68935669
68935676
68935681
68936749
68936753
68936759
68936762
68936766
68937712
68937883
68938125
68938172
68938178
68938187
68938193
68938449
68938452
68938457
68938460
68938465
68938472
68938477
68938486
68938489
68938492
68938496
68938500
68938503
68938512
68938518
68938527
68938531
68938535
68938539
68938545
68939288
68939833
68939861
68940744
68940794
68940800
68940809
68940819
68940827
68940837
68940845
68940852
68940859
68940865
68940874
68940881
68940894
68940904
68940913
68940920
68940924
68940939
68940948
68941012
68941024
68941034
68941045
68941054
68941067
68941075
68941086
68941094
68941102
68941123
68941133
68941139
68941142
68941191
68941202
68941212
68941232
68941242
68941248
68941255
68941262
68941269
68941276
68941282
68941291
68941297
68941308
68941319
68941324
68941332
68941341
68941346
68941356
68941375
68941384
68941392
68941406
68941412
68941421
68941428
68941439
68941447
68941454
68941460
68941468
68941476
68941482
68941487
68941494
68941501
68941508
68941515
68941521
68941575
68941581
68941586
68941591
68941596
68941605
68941610
68941615
68941620
68941624
68941627
68941631
68941636
68941640
68941642
68941644
68941647
68941964
68941966
68941998
68942001
68942004
68942008
68942011
68942014
68942018
68942023
68942028
68942031
68942035
68942040
68942046
68942049
68942052
68942055
68942058
68942061
68942064
68942066
68942069
68942077
68942080
68942082
68942085
68942089
68942092
68942095
68942097
68942104
68942108
68942111
68942114
68942117
68942121
68942123
68942125
68942126
68942128
68942130
68942132
68942134
68942141
68942145
68942147
68942149
68942151
68942153
68942155
68942159
68942163
68942168
68942171
68942175
68942180
68942184
68942188
68942400
68942403
68942404
68942406
68942408
68942409
68942412
68942414
68942417
68942419
68942422
68942424
68942427
68942429
68942431
68942434
68942437
68942440
68942442
68942444
68942449
68942451
68942463
68942539