75692629
75692630
75692634
75692644
75692645
75692646
75692647
75692648
75693216
75692652
75692654
75692658
75692659
75692665
75692666
75692667
75692668
75692674
75692677
75692681
75692685
75692686
75692687
75692695
75692696
75692697
75692698
75692699
75692701
75692704
75692709
75692710
75692711
75692712
75692713
75692718
75692719
75692720
75692721
75692724
75692727
75692736
75692738
75692740
75692741
75692742
75692743
75692744
75692745
75692746
75692747
75692777
75692796
75692798
75692799
75692801
75692803
75692823
75692842
75692843
75692844
75692845
75692846
75692848
75692852
75692854
75692858
75692859
75692860
75692867
75692868
75692869
75692870
75692873
75692874
75692876
75692881
75692882
75692883
75692884
75692890
75692891
75692892
75692893
75692897
75692899
75692901
75692909
75692913
75692914
75692918
75692920
75692924
75692926
75692929
75692936
75692937
75692938
75692940
75692943
75692946
75692947
75692951
75692954
75692955
75692959
75692960
75692961
75692975
75692984
75692989
75692991
75693006
75693007
75693008
75693010
75693028
75693029
75693032
75693033
75693035
75693037
75693041
75693045
75693048
75693053
75693057
75693060
75693064
75693065
75693068
75693069
75707793
75707795
75707798
75707800
75707806
75707827
75707828
75707830
75707831
75707832
75707833
75707835
75707836
75707838
75707847
75707848
75707849
75707850
75707851
75707864
75707865
75707866
75707868
75707870