97412203
97412202
97412201
97412199
97412196
97412193
97412190
97327367
97262513
97242988
97242984
97242980
97242976
97242974
97242967
97225802
97225801
97225800
97208856
97208854
97208853
97208850
97208847
97208845
97208843
97208840
97208837
97208834
97208831
97208828
97208825
97208822
97208819
97208816
97208814
97208811
97208808
97208805
97208803
97208801
97208799
97208797
97208794
97208790
97208786
97208782
97208778
97208774
97208769
97208765
97194107
97194105
97194104
97172757
97172754
97172750
97172746
97145977
97145974
97145970
97129194
97129193
97129192
97108331
97038109
96905560
96905559
96905558
96905557
96905556
96888436
96878075
96878074
96878073
96878072
96810866
96798369
96798367
96798365
96581270
96576868
96576413
96575587
96567252
96567251
96567249
96567248
96532110
96532109
96485191
96288423
96288421
96288420
96288418
96288417
96288415
96288413
96288412
96288410
96288408
96288406
96276100
96276098
96276090
96241250
96241248
96229580
96229577
96229575
96152532
96152531
96152529
96108644
96108643
96108642
96108641
96108636
95937454
95934742
95916878
95916875
95916873
95916871
95916868
95916867
95916864
95916863
95916861
95916858
95916854
95916852
95916850
95916847
95916843
95916840
95916838
95916836
95916834
95916832
95916830
95915110
95915108
95915106
95915100
95900093
95898709
95898707
95886969
95880435
95864321
95861306
95847372
95847370
95847368
95846595
95833461
95833458
95833456
95832610
95827056
95802929
95778880
95778872
95778871
95778870
95778867
95778866
95778864
95778862
95769262
95769260
95769257
95769255
95741439
95715236
95715235
95715234
95715231
95715229
95715227
95715225
95715223
95715221
95715220
95600372
95555975
95555974
95555973
95555972
95555970
95555968
95549566
95533157
95533155
95533153
95533150
95533146
95533144
95533142
95533139
95533136
95533131
95532108
95532107
95532105
95532103
95532101
95532099
95532097
95532095
95532092
95532091
95532089
95532087
95532085
95532082
95532079
95532076
95532073
95532070
95532067
95532064
95532060
95532057
95532052
95532049
95532046
95532042
95532039
95532036
95532033
95532030
95532027
95532023
95532021
95532016
95532013
95532011
95532009
95532005
95530595
95515090
95515087
95515085
95515083
95515080
95515076
95515073
95515067
95515056
95515051
95515047
95515038
95497150
95496368
95496366
95496364
95496362
95496360
95496359
95496358
95496357
95496356
95496355
95496354
95496353
95496352
95496350
95479622
95479619
95479319
95479314
95479310
95479307
95479303
95479301
95479299
95471776
95471775
95471774
95471773
95471772
95471771
95471770
95471769
95470544
95470107
95470106
95463900
95463898
95463897
95463895
95463893
95463891
95445980
95445978
95445975
95445972
95445970
95445968
95445966
95445965
95445962
95445960
95445958
95445956
95445952
95445949
95445947
95445945
95445943
95445941
95445939
95445937
95445935
95445933
95445932
95445931
95445930
95445929
95445928
95445927
95445925
95445924
95445923
95445922
95445921
95445920
95445919
95444019
95444018
95444017
95444016
95444015
95444014
95444013
95444012
95444010
95444008
95444006
95444004
95444002
95444000
95443998
95443996
95443995
95443993
95443990
95443988
95443986
95443984
95443983
95443982
95443981
95443980
95443979
95443978
95433351
95431689
95431687
95411677
95411674
95411673
95411672
95396248
95396246
95396242
95396238
95396236
95396233
95396228
95396225
95396223
95396221
95396218
95396215
95396212
95396202
95396200
95396198
95396195
95396193
95396191
95396189
95396187
95396185
95396183
95389801
95389799
95389798
95389795
95389792
95383284
95383283
95383282
95383281
95383280
95383279
95383277
95383274
95383272
95383271
95383269
95383266
95383264
95383262
95383260
95383258
95383256
95383254
95383251
95383249
95383247
95383244
95383242
95383240
95383238
95383235
95383233
95383231
95383228
95383226
95383224
95383223
95383222
95383221
95383220
95380037
95380035
95380033
95380031
95380029
95380027
95378604
95378601
95376566
95357220
95328995
95328994
95328993
95235115
95235112
95235109
95235106
95207282
95199378
95199376
95199375
95199374
95198277
95198276
95198275
95198274
95198273
95198272
95198271
95198270
95198269
95198268
95198267
95198266
95198265
95188445
95188443
95188441
95188439
95188438
95171835
95171834
95171833
95160818
95160814
95160810
95160808
95160806
95160802
95158994
95158992
95158990
95158988
95158986
95158984
95158981
95158979
95158977
95158975
95158973
95158970
95158968
95158966
95158964
95158962
95158960
95158956
95158953
95158950
95158947
95158942
95158938
95158936
95158933
95158929
95158926
95158923
95158919
95158916
95158913
95158910
95158908
95158905
95158903
95158901
95158898
95158894
95158892
95158891
95158890
95158889
95158887
95158886
95158884
95158883
95158881
95158877
95158875
95158873
95156452
95156450
95156446
95156445
95156444
95156443
95156442
95156441
95156439
95156438
95156437
95156436
95156435
95156433
95156428
95156427
95156426
95156424
95156421
95156420
95156418
95156416
95156413
95156411
95156409
95156408
95156407
95156406
95156401
95156398
95141143
95141140
95141138
95141135
95141134
95140072
95125118
95125114
95125111
95125108
95125105
95125102
95125097
95125092
95125088
95125082
95125079
95125075
95125069
95125065
95125060
95125052
95125047
95125043
95125039
95125035
95125028
95125025
95125022
95125019
95125016
95125013
95125010
95125008
95125006
95125004
95125002
95125000
95124997
95124994
95124991
95122432
95122430
95122429
95122428
95109269
95109267
95109265
95109263
95109262
95109261
95109260
95109258
95109257
95109254
95109252
95109250
95109246
95109245
95109244
95109243
95109242
95097355
95097351
95097348
95097344
95097340
95097337
95097335
95097333
95097331
95097328
95097325
95097322
95091144
95091142
95091141
95091140
95090423
95090422
95090408
95079234
95079233
95079230
95079228
95079223
95079219
95079217
95055474
95055472
95055469
95055466
95055464
95055462
95055460
95055458
95055452
95055448
95044379
95044378
95042893
95042889
95023644
95023643
95023642
95023641
95023640
95023639
95023638
95023637
95023636
95023635
95023634
95023633
95023632
95023631
95023630
95005873
95005872
95005871
95005870
95000414
95000413
95000412
95000411
95000410
95000409
95000408
95000407
95000406
95000405
95000404
95000403
95000402
95000401
94996031
94947833
94947832
94947831
94947830
94947829
94947827
94895754
94895753
94895750
94895748
94895746
94895744
94895742
94895740
94895737
94895735
94895733
94895731
94895729
94860280
94782641
94782084
94782081
94782079
94778029
94778027
94778026
94777600
94777599
94777598
94777597
94777596
94777594
94777593
94777592
94776565
94776562
94776559
94776556
94776551
94776548
94776545
94759476
94759474
94759472
94759470
94759469
94759468
94758702
94758698
94758696
94758695
94758693
94758691
94758690
94758688
94758686
94758685
94758683
94758682
94757223
94757218
94757209
94757203
94757197
94757193
94757187
94757182
94757177
94754798
94754797
94754796
94745568
94745567
94745566
94745564
94745562
94744655
94744654
94744652
94744650
94744648
94741312
94741309
94740203
94733414
94724404
94724401
94715972
94715970
94715968
94715966
94715964
94715963
94715962
94705231
94705228
94705226
94705224
94705222
94705220
94705218
94705216
94705215
94705213
94705210
94705207
94705205
94705202
94705199
94705196
94705193
94705191
94705188
94705185
94705183
94705181
94705180
94705178
94705177
94705175
94698084
94698081
94697362
94697360
94697359
94697358
94697357
94694959
94694958
94694957
94694956
94694955
94694954
94694953
94694952
94694951
94694950
94694949
94694947
94694945
94694943
94690595
94690593
94690591
94690589
94690587
94690583
94690580
94690577
94690574
94690572
94688838
94688837
94688834
94688833
94688832
94688830
94688828
94688826
94671727
94671726
94671725
94671724
94671723
94671722
94651495
94651493
94637810
94537229
94537228
94426851
94420447
94410161
94410160
94402675
94366697
94366696
94352448
94326512
94326510
94326507
94326506
94326505
94299832
94280956
94280953
94265278
94234178
94234175
94234172
94234169
94234167
94234164
94234162
94208377
94067362
94067359
94065987
94065985
94065983
94065982
94065981
94065978
94060013
94054485
94054484
94054483
94054482
94054480
94054478
94040107
94040105
94040103
94040101
94040100
94040099
94040097
94022462
94022460
94020593
94014782
94014779
94014777
94014773
94014771
94014768
94014764
94014760
94014758
94014754
94014749
94014745
94014735
94005745
94005742
94005738
94000840
94000834
94000827
93987897
93987891
93987885
93987884
93987881
93986407
93979226
93971659
93971657
93970416
93950915
93950913
93950908
93950906
93927912
93927908
93927899
93927898
93927897
93926837
93926835
93917259
93917257
93895403
93895400
93874161
93874159
93873652
93690328
93690325
93690321
93690319
93690318
93690317
93673261
93673259
93673256
93672130
93672128
93672122
93672117
93672112
93672105
93672101
93672095
93672091
93657985
93657982
93657980
93648670
93640625
93640624
93633845
93628213
93628212
93628210
93615512
93615511
93614949
93614948
93597112
93597102
93597100
93597098
93565621
93565614
93556678
93536756
93528399
93528397
93522629
93522628
93522627
93522626
93522625
93522624
93522623
93522622
93522621
93522620
93522619
93522616
93522615
93522613
93522611
93522609
93522607
93522604
93522601
93522598
93522595
93522592
93522589
93522585
93522582
93522579
93481969
93481966
93481962
93481960
93481958
93481955
93481953
93376092
93376090
93374278
93363821
93363820
93347628
93347624
93347622
93347620
93347618
93347616
93347614
93347611
93332355
93332353
93332352
93332351
93332350
93332349
93328856
93328854
93328853
93328851
93321055
93321050
93321046
93321041
93321036
93321031
93321028
93321025
93321021
93321019
93321016
93321013
93321010
93321007
93321004
93321001
93320998
93320994
93320991
93320988
93320984
93320981
93320977
93320974
93320971
93320969
93320966
93320964
93320963
93320961
93320960
93320959
93320958
93320957
93320956
93320955
93320954
93320953
93320952
93320951
93320950
93320949
93320948
93320947
93320946
93320945
93320944
93320943
93320942
93320941
93320940
93320938
93320936
93320934
93315927
93315925
93315922
93289847
93289843
93263384
93263382
93263379
93263377
93262851
93262850
93262849
93260452
93260451
93260450
93260449
93260448
93260447
93260446
93260445
93260444
93260443
93260442
93260441
93260439
93249614
93249613
93249612
93249611
93249610
93203371
93202702
93202701
93202700
93202699
93202698
93202696
93175236
93175235
93175234
93175233
93175232
93175231
93174447
93174445
93174443
93174441
93174439
93174436
93174434
93174430
93155027
93155025
93155023
93155021
93155019
93155017
93155014
93155011
93155010
93155008
93155006
93155004
93155002
93154993
93154991
93154989
93154987
93154985
93154984
93154983
93060501
93060499
93060498
93060495
93045935
93045934
93045933
93045932
93045931
93041241
93041236
93041234
93041232
93041230
92993466
92993090
92939914
92939911
92939909
92923335
92923334
92921946
92921943
92921940
92921937
92921935
92921932
92921929
92921926
92921924
92921921
92921919
92921917
92921915
92921912
92921910
92921909
92921906
92921905
92921902
92921901
92921899
92921897
92921894
92921891
92921888
92921887
92921884
92921882
92921881
92909568
92909565
92909563
92909560
92909558
92909557
92909556
92889666
92889662
92889661
92875076
92875068
92875067
92875066
92874472
92874469
92874466
92874463
92874460
92872534
92858926
92858338
92858336
92845858
92845857
92841402
92841401
92841400
92816436
92816434
92796220
92796219
92796196
92779711
92779710
92778550
92767173
92747191
92714913
92714911
92714909
92545087
92545083
92541607
92519012
92517282
92500105
92495419
92495416
92495414
92495412
92495410
92495409
92486242
92486240
92485477
92485475
92485474
92485472
92485471
92485470
92485469
92485468
92485467
92485466
92485465
92485464
92485453
92485452
92485451
92485450
92485449
92485448
92485447
92485446
92485445
92485444
92485443
92485442
92485441
92485439
92485437
92485436
92485435
92485434
92485433
92485432
92485431
92485430
92485429
92484543
92484541
92484539
92484536
92484533
92484531
92484527
92484523
92484518
92484515
92484513
92484510
92484507
92484505
92484502
92484499
92484496
92484494
92484490
92484487
92484484
92484481
92484478
92484475
92484471
92484467
92484463
92484459
92484455
92469211
92469208
92469205
92469202
92469198
92469195
92466872
92466870
92466868
92466866
92466864
92466863
92466861
92466859
92466858
92466855
92456275
92456271
92456268
92456265
92456261
92456258
92456256
92456255
92456253
92456251
92453617
92453615
92437672
92437669
92437667
92437666
92437665
92437663
92437661
92428461
92428459
92428458
92426443
92415044
92402952
92400599
92400598
92400597
92400596
92400595
92400593
92400590
92400588
92400585
92400582
92400581
92400578
92366722
92366721
92366720
92366719
92354884
92354882
92354879
92354877
92354875
92354873
92354868
92354863
92354861
92354859
92353637
92344852
92344851
92344850
92219223
92219222
92219221
92219220
92214264
92148430
92148429
92148428
92148427
92064532
92053285
92039317
92039316
92039315
92039314
92006774
91997843
91997842
91997841
91997840
91997823
91997822
91997817
91996017
91996014
91996012
91996010
91996009
91966893
91941789
91925361
91924439
91914038
91914037
91869762
91869016
91757033
91756562
91755965
91755396
91742218
91742216
91737823
91726759
91726756
91726754
91725317
91725315
91725311
91725309
91725308
91708863
91708861
91708858
91708855
91708852
91708850
91707873
91707313
91707312
91707310
91706758
91706756
91706753
91697627
91691832
91691830
91691828
91691827
91689402
91689401
91689395
91689392
91687232
91687228
91687226
91687225
91687224
91687223
91687222
91687221
91687220
91687219
91687218
91687216
91687214
91687212
91687209
91677717
91677713
91677708
91677704
91674262
91665978
91665977
91665976
91663915
91655493
91650440
91650418
91650416
91650414
91650413
91650411
91648013
91614950
91606474
91606472
91606470
91606468
91600051
91585029
91585027
91561768
91561767
91550216
91550215
91550214
91549830
91549828
91549826
91549824
91549822
91549820
91549818
91549817
91549816
91549814
91549813
91546919
91538061
91538058
91538054
91538050
91538047
91538045
91538041
91538012
91537247
91489344
91489342
91346140
91326933
91326929
91326926
91326924
91279480
91279477
91279473
91279469
91279465
91279461
91267788
91267786
91267783
91267779
91267776
91267772
91266391
91265796
91265794
91265791
91265788
91265785
91265784
91265779
91252117
91252115
91252111
91252110
91252108
91250265
91250264
91249303
91249299
91249296
91249293
91249290
91249286
91249282
91249280
91249278
91249275
91247730
91247729
91231025
91229413
91229412
91229410
91229409
91212624
91212623
91212620
91211111
91211105
91211090
91190927
91188566
91188561
91188553
91165953
91163875
91163872
91142672
91142670
91142669
91142666
91141599
91141598
91141597
91141596
91141595
91141594
91141593
91141592
91141591
91141590
91141589
91141588
91141587
91140575
91140574
91122384
91122382
91122372
91122361
91114410
91114409
91114408
91114407
91114406
91114405
91114404
91114403
91114402
91114401
91113451
91113450
91113449
91113448
91113447
91113446
91113444
91113441
91113437
91113433
91113429
91113425
91113423
91113421
91112548
91112546
91096353
91081738
91081736
91081735
91081734
91081733
91028211
91028209
91028208
91028204
91018543
91018541
91018538
90994674
90994673
90994672
90994671
90899771
90886018
90886017
90886016
90886004
90886003
90883212
90866827
90866823
90866821
90865033
90865032
90857405
90849154
90849151
90847462
90847461
90847460
90847459
90847458
90847457
90847456
90847455
90847453
90847452
90847451
90847449
90847447
90847446
90847445
90847444
90847443
90847442
90847441
90830263
90830260
90830255
90830249
90830243
90830237
90830233
90830230
90830227
90830225
90830222
90829250
90802309
90801166
90801163
90801162
90801160
90800257
90800256
90786449
90786446
90782718
90782717
90782715
90782713
90765019
90763420
90763418
90763417
90705101
90705100
90705099
90705098
90684069
90684066
90684063
90684060
90684058
90682553
90673305
90673304
90673303
90673302
90673301
90673300
90595943
90506080
90481424
90481423
90480849
90480847
90480844
90480841
90480836
90480834
90480831
90480829
90480825
90480823
90480821
90480818
90480815
90480812
90480809
90480803
90480801
90480798
90480795
90480793
90480791
90480788
90480785
90480782
90480780
90480777
90480774
90480772
90480770
90480768
90480767
90480766
90480765
90480762
90480760
90480759
90480758
90480756
90480753
90480750
90480747
90459326
90444026
90437585
90432767
90432766
90420144
90420143
90416414
90415810
90415809
90415808
90415807
90411710
90401133
90382300
90358964
90358963
90336719
90322310
90322308
90282449
90225619
90165653
90121623
90121620
90121618
90121615
90077666
90077664
90074965
90074964
90074963
90074962
90074961
90074959
90074958
90074956
90074323
90074321
90074317
90074316
90074314
90074312
90073369
90073368
90072833
90052319
90050638
90050635
90029139
90027894
90027891
90021421
90006860
90006856
89973015
89973014
89973013
89973010
89973007
89973000
89958164
89958162
89958161
89929809
89929808
89929807
89916203
89760836
89760835
89760833
89760831
89446796
89431276
89430006
89430005
89306431
89306419
89306416
89284669
89130709
89130707
89062874
89037195
89035460
89016401
89015675
89014710
89014707
89014706
89014695
88993650
88993649
88993648
88993647
88993157
88993155
88971526
88971523
88971518
88971513
88971510
88971507
88971503
88951638
88951637
88945298
88929683
88929679
88927781
88927780
88907042
88907038
88894018
88893996
88869740
88848295
88847086
88802411
88770618
88770617
88574717
88574714
88558700
88548471
88540222
88539462
88539460
88539458
88539450
88539445
88539443
88539442
88539439
88522535
88522534
88507952
88507951
88507950
88507948
88507945
88507943
88507941
88506441
88506439
88506435
88506433
88506430
88505855
88497286
88493116
88491940
88491938
88476954
88476948
88450329
88430442
88430440
88430438
88430437
88430436
88396254
88396253
88396252
88396251
88396250
88396248
88396246
88396242
88396239
88396236
88380576
88380573
88380568
88380565
88380562
88380557
88380554
88380551
88380549
88380547
88380546
88380545
88380544
88380543
88380542
88380541
88380540
88380539
88380538
88370647
88370642
88370638
88370631
88370627
88370625
88370624
88370623
88310860
88310859
88310857
88310855
88310853
88310852
88310851
88310848
88310846
88285774
88166088
88166087
88166086
88146710
88146709
88146708
88146707
88146706
88146705
88146704
88146703
88127378
88127377
88127376
88127375
88127374
88127373
88127372
88127371
88127370
88127369
88127368
88127367
88127364
88127361
88127359
88127356
88127353
88115117
88115114
88115113
88115112
88114366
88112162
88112161
88112158
88112156
88112153
88111536
88111533
88105063
88105061
88105058
88105055
88079337
88079334
88079331
88079330
88077583
88077580
88077577
88075255
88063352
88063350
88063348
88063345
88063342
88063340
88063339
88063337
88063336
88063335
88063329
88059433
88059432
88041193
88041192
88041191
88041190
88024997
88024995
88024993
88011557
88011555
88011554
88011553
88011552
88011551
87994619
87976752
87976723
87976722
87976720
87976719
87976717
87958079
87958078
87958077
87958076
87958075
87958074
87958073
87958072
87958071
87958070
87956500
87944334
87900220
87703787
87702851
87679153
87679149
87679145
87677274
87677272
87677269
87677266
87677243
87677240
87677237
87677236
87677234
87677232
87677231
87677229
87677227
87677225
87677221
87677219
87677217
87677215
87677213
87677211
87677209
87677208
87677207
87677205
87677203
87672624
87672621
87672619
87672616
87672614
87672613
87672611
87671320
87671318
87671315
87665091
87665088
87665086
87665083
87665081
87665079
87665077
87665075
87665073
87665070
87665068
87653109
87653107
87653104
87653093
87634686
87634684
87634683
87612224
87612223
87612222
87595531
87595527
87595526
87574107
87574104
87574102
87508490
87508489
87489558
87489555
87489552
87488001
87487999
87487997
87460424
87460423
87460422
87460421
87447884
87417414
87344293
87292788
87292786
87291657
87288318
87279978
87279976
87279972
87279970
87279967
87279965
87279963
87278111
87278109
87278107
87278099
87278098
87278097
87278096
87278093
87278092
87278091
87278090
87278086
87278085
87278084
87278083
87278081
87278078
87278074
87278071
87269867
87265362
87265361
87260647
87260645
87260644
87260643
87260641
87253405
87253404
87253403
87253402
87253057
87253054
87253052
87253050
87246633
87246631
87244170
87244167
87244164
87244162
87244160
87233670
87230023
87230020
87230019
87229313
87229311
87229309
87229307
87229305
87229302
87229300
87229298
87229296
87226847
87218538
87217482
87214145
87214144
87214137
87214134
87206421
87206420
87206419
87206418
87206417
87195179
87195177
87187456
87187453
87090145
87090121
87090096
87090076
87090056
87090031
87090009
87089984
87022167
87008911
86998383
86998379
86967651
86944820
86863430
86863428
86689371
86665969
86645039
86645036
86645034
86645032
86645029
86645027
86645025
86645023
86645021
86645020
86645018
86645016
86645014
86643784
86643783
86643781
86643779
86643777
86643775
86643773
86643771
86643769
86643065
86643062
86643061
86626643
86625259
86625258
86624284
86609640
86606763
86591786
86591783
86591782
86590583
86590579
86578228
86578226
86577001
86577000
86552340
86552333
86528504
86527115
86498766
86457921
86333030
86332305
86316763
86297865
86296028
86280740
86280737
86279884
86279882
86279873
86279870
86259553
86257922
86243237
86234982
86234978
86234973
86234968
86222358
86222353
86222350
86222349
86214580
86198890
86170480
86170477
86170475
86159273
86159270
86159267
86159264
85998346
85967165
85923568
85922996
85922995
85922993
85922991
85922990
85922988
85922982
85922979
85922965
85890070
85876998
85876996
85876992
85863471
85863470
85863469
85863467
85863466
85863455
85856242
85847594
85847591
85847588
85847586
85847583
85847580
85847576
85828697
85828696
85816317
85816314
85815583
85815581
85815578
85800060
85800059
85800058
85800055
85800054
85800053
85768418
85726266
85628961
85610933
85597537
85597535
85597533
85597531
85597530
85597521
85597514
85597507
85596902
85580648
85580647
85565100
85562296
85552716
85527669
85527664
85494926
85494922
85466743
85466741
85466737
85457794
85457791
85457782
85457781
85457771
85457765
85423384
85327313
85327305
85326404
85326398
85308617
85300548
85257148
85257144
85257142
85257139
85256437
85256435
85256155
85255890
85255869
85255353
85255311
85255246
85255185
85252434
85252393
85242009
85241999
85241996
85241991
85219852
85219794
85218832
85186219
85057468
84989150
84969946
84969945
84922683
84917435
84914077
84893345
84893343
84893342
84893332
84893327
84893324
84893322
84893317
84893307
84893298
84893242
84893233
84893228
84893224
84893223
84893200
84893117
84433391
84418609
84418606
84418597
84417082
84417081
84329806
84327173
84327145
84301001
84268711
84268709
84268708
84268707
84142779
84133453
84133451
84119924
84117632
84106495
84106487
84106480
84082352
84072072
84072067
84069730
84069728
84069726
84058208
84058207
84058206
84058205
84058204
84058203
84058200
84015926
84015925
84015922
84015920
83979773
83979772
83858471
83850870
83850868
83850863
83850862
83850861
83850860
83850821
83849982
83836519
83836518
83797644
83797642
83770760
83770759
83755806
83755378
83742160
83742159
83589987
83589985
83566530
83566524
83531600
83531599
83531598
83522933
83522932
83522931
83513987
83507675
83507673
83497321
83486862
83450134
83369609
83353835
83267543
83216293
83215359
83215357
83215356
83215353
83215352
83215348
83215345
83215344
83215342
83215340
83103243
83103240
82989157
82976190
82976189
82861492
82835648
82786868
82785312
82752485
82752484
82718107
82678478
82657897
82543051
82511889
82478723
82478720
82478687
82478670
82457235
82441222
82441220
82434885
82428989
82427672
82402526
82360990
82213848
82210494
82151923
82151919
82151913
82151911
82086364
82058811
81963682
81926374
81926372
81918105
81918101
81918097
81913468
81913464
81894041
81873297
81873284
81873269
81862753
81857734
81829257
81782858
81410941
81387813
81387812
81379723
81340665
81311095
81274376
81270949
81270948
81270947
81268801
81268799
81268797
81173632
81141215
81056294
81056292
81037363
80970628
80890989
80890985
80890277
80837613
80829541
80829533
80829498
80635464
80601573
80588836
80588835
80588829
80588828
80588827
80588859
80588856